# {"env_id": "ReacherPyBulletEnv-v0", "t_start": 1553143646.4332404} 
r,l,t
-21.651319,150,1.968887
-16.950685,150,2.650191
2.443952,150,3.346027
-28.21231,150,4.064699
-0.336253,150,4.761798
-34.431945,150,5.474198
-32.659053,150,6.217924
-0.303633,150,6.919188
-30.016735,150,7.552985
4.22641,150,8.012064
-6.665108,150,8.460055
-28.623926,150,8.910192
-19.826143,150,9.586443
-27.697891,150,11.992459
-23.350965,150,12.661399
-13.641762,150,13.344496
-35.328899,150,14.051329
-23.446842,150,14.736599
-31.728447,150,15.428964
-15.994519,150,16.124879
2.705054,150,16.82422
0.287855,150,17.521439
-2.605945,150,18.20627
-14.22716,150,18.904715
-25.637266,150,19.363761
-24.819121,150,19.806214
-24.107075,150,20.242624
-32.753146,150,22.499722
-15.719841,150,23.204538
-2.546058,150,23.878644
-2.697986,150,24.616946
-9.222149,150,25.342497
-21.857408,150,26.065746
-1.808264,150,26.721814
-14.965972,150,27.41037
-17.580536,150,28.116078
-5.302834,150,28.812497
-2.361488,150,29.522339
-3.449859,150,30.203007
-34.213648,150,30.682329
-28.161702,150,32.568878
-15.74484,150,33.230533
-18.622755,150,33.949938
-9.402418,150,34.635542
-28.488608,150,35.349401
-11.968038,150,36.051254
-6.280818,150,36.760927
-4.658524,150,37.443136
-9.98848,150,38.142961
-18.999785,150,38.848995
-11.68645,150,39.560105
-2.300183,150,40.281951
-0.496008,150,40.982202
-9.96359,150,41.634016
-20.776229,150,43.516323
-8.216755,150,44.235289
-12.609613,150,44.936416
8.700914,150,45.643303
-15.094818,150,46.335812
2.461336,150,47.036222
-12.809872,150,47.693158
-22.944136,150,48.369805
-4.95627,150,49.082838
-47.004928,150,49.856655
-10.702948,150,50.561599
-25.94479,150,51.302151
-11.832325,150,52.042589
5.810355,150,52.73169
-1.102541,150,54.706011
-14.410755,150,55.382753
-11.057798,150,56.072441
-45.501691,150,56.789385
-14.879695,150,57.559702
-24.560784,150,58.279752
-10.214744,150,59.022317
-10.802632,150,59.712066
-24.294855,150,60.384822
1.074703,150,61.071749
-24.692239,150,61.786928
-9.106624,150,62.468665
-7.36099,150,63.197711
7.672003,150,65.348139
-8.836329,150,65.798321
4.849327,150,66.38165
3.749618,150,67.119566
-3.284889,150,67.834083
-17.414375,150,68.535505
-1.566663,150,69.242416
-1.33523,150,69.939674
7.816467,150,70.655791
-8.540399,150,71.360801
-11.193303,150,72.050307
-0.241455,150,72.753792
-11.102862,150,73.446717
1.160328,150,74.142423
-14.733741,150,76.305
-1.914292,150,76.745237
-10.518184,150,77.177547
8.631386,150,77.750671
-9.453951,150,78.416408
-17.374145,150,79.128321
-9.275001,150,79.802127
4.390354,150,80.496984
-6.291472,150,81.212619
-1.738885,150,81.946056
-0.435634,150,82.641571
-26.751809,150,83.343195
2.254324,150,84.05396
-23.984042,150,84.721126
-3.466371,150,86.966813
-0.774112,150,87.557391
-7.840639,150,87.989704
-10.448996,150,88.412162
-27.173922,150,88.958421
1.000597,150,89.622378
-10.591305,150,90.31717
-4.185115,150,91.033225
-17.161186,150,91.734372
-16.296804,150,92.457902
6.667587,150,93.134418
-21.826332,150,93.789233
-14.023234,150,94.462239
-10.266091,150,96.777281
-5.875158,150,97.460302
3.386371,150,98.134189
-17.07609,150,98.781797
-0.150789,150,99.265161
-21.009087,150,99.684176
-27.094518,150,100.249598
4.243176,150,100.913268
8.945284,150,101.640543
-0.340133,150,102.379564
-13.442413,150,103.09856
-13.990466,150,103.789082
-14.985773,150,104.479327
-13.793904,150,105.188454
-15.850228,150,107.491066
-9.626237,150,108.169208
-20.092413,150,108.838582
-7.025447,150,109.558219
-27.672967,150,110.132173
-9.20813,150,110.650331
5.649127,150,111.098137
3.720981,150,111.624433
-20.953011,150,112.273532
-30.488886,150,113.011602
-29.557614,150,113.743846
-4.785236,150,114.464228
-23.775745,150,115.179967
-3.09206,150,115.90161
-20.436514,150,118.333284
2.070031,150,119.132674
-1.201904,150,119.934649
-14.550494,150,120.7237
-7.165767,150,121.533382
-32.428077,150,122.234439
-25.59167,150,122.898056
-0.748445,150,123.329988
-1.138455,150,123.900248
-19.177686,150,124.496839
-24.004817,150,125.217323
-26.081731,150,125.925839
-7.477099,150,126.653973
0.134441,150,128.999665
-15.284364,150,129.693963
-23.993787,150,130.384239
-26.944645,150,131.106067
-14.886106,150,131.792321
-19.289417,150,132.483723
-25.871916,150,133.152195
-2.801051,150,133.738741
4.559939,150,134.313086
-15.076615,150,134.812107
1.007684,150,135.402977
-18.939288,150,136.008753
-17.636539,150,136.715404
-1.658903,150,137.427345
-23.625894,150,139.7492
-2.534432,150,140.439215
-18.159697,150,141.15854
-6.128835,150,141.855291
-20.593163,150,142.594024
-11.503137,150,143.31983
0.916066,150,144.022178
-11.110364,150,144.679387
2.983835,150,145.313779
-19.322175,150,145.973608
-21.316039,150,146.62922
-3.109822,150,147.319923
-21.970195,150,148.080263
-10.463421,150,148.893918
-15.25918,150,151.441435
-21.868869,150,152.257
-12.879595,150,153.070888
-1.526,150,153.867992
-17.493422,150,154.665017
1.293739,150,155.492239
8.89094,150,156.21387
-8.271646,150,156.893926
-1.886483,150,157.471167
-21.334802,150,158.076002
-17.659749,150,158.718867
5.320131,150,159.366513
-16.540814,150,159.991224
-20.202781,150,162.248126
-21.521047,150,162.969054
-1.046983,150,163.664451
1.361023,150,164.381931
5.803011,150,165.080589
-29.253144,150,165.781837
-2.865939,150,166.484377
-22.483393,150,167.177683
-34.154878,150,167.862802
1.28507,150,168.481428
-11.311099,150,169.043616
-11.964975,150,169.638665
-32.967637,150,170.276454
-16.208757,150,170.859266
-8.426222,150,173.072433
-10.020005,150,173.799424
-15.082709,150,174.481527
-18.594781,150,175.203675
-25.925572,150,175.913914
-19.452503,150,176.635008
-22.938577,150,177.334061
-19.769818,150,178.045962
0.416683,150,178.738503
4.254783,150,179.445009
-5.406341,150,180.023939
-11.853151,150,180.602178
-13.973412,150,181.287484
-11.271679,150,181.906852
-13.772482,150,184.137594
-21.212038,150,184.830343
-5.338686,150,185.54204
-12.754871,150,186.269248
-0.690484,150,187.000437
-1.466911,150,187.671345
-7.75737,150,188.387146
4.74957,150,189.125413
-15.925682,150,189.843007
-26.777269,150,190.492056
-13.118188,150,191.153219
-11.140428,150,191.780184
-3.370461,150,192.442642
-6.252838,150,194.635241
-7.186526,150,195.321467
-14.727083,150,196.018178
-1.659068,150,196.683822
-8.446749,150,197.384832
-8.71409,150,198.06038
-9.760428,150,198.767618
-5.104615,150,199.495451
-12.779512,150,200.219978
-3.550851,150,200.887283
0.912714,150,201.50097
3.577762,150,202.098324
-15.529132,150,202.692362
1.340802,150,203.390771
-8.289865,150,205.585389
-29.138352,150,206.243354
-8.654512,150,206.970639
-7.739201,150,207.689881
3.35266,150,208.425397
-18.991847,150,209.094385
-20.282236,150,209.796784
-13.487662,150,210.46563
-0.877049,150,211.155351
-12.725609,150,211.867992
-7.4184,150,212.508992
-2.405984,150,213.109088
-7.490791,150,213.691137
-27.762552,150,214.422296
0.060549,150,216.589002
-0.981377,150,217.200691
-7.122577,150,217.855168
-7.605956,150,218.543235
-7.944729,150,219.234799
-17.986051,150,219.935856
-0.259758,150,220.631775
-11.990251,150,221.35937
-6.547012,150,222.08532
-0.105049,150,222.813939
-10.197412,150,223.515027
-8.782934,150,224.149059
-10.506728,150,224.827121
-11.038923,150,227.140858
-7.50056,150,227.753556
-13.159606,150,228.375385
-17.742107,150,229.033948
-17.820218,150,229.740976
2.223477,150,230.392602
-3.457705,150,231.085303
-14.250534,150,231.78682
-17.066529,150,232.500644
-18.457384,150,233.195377
-18.063951,150,233.908209
-27.733095,150,234.578341
-15.387331,150,235.175558
-3.86388,150,235.768783
-13.047023,150,238.079886
-35.156773,150,238.75356
-14.51888,150,239.344311
-13.304472,150,239.93612
-6.427911,150,240.579649
-21.737026,150,241.317874
9.753265,150,242.016195
-2.331204,150,242.709688
0.442593,150,243.442917
-16.144965,150,244.133606
-7.249604,150,244.844003
-3.72524,150,245.501795
4.171048,150,246.129615
-7.800852,150,246.703194
-16.563793,150,248.881875
-8.95088,150,249.562069
-11.576795,150,250.218821
-15.566174,150,250.832003
-21.893002,150,251.441517
-20.425261,150,252.188905
-18.732628,150,252.900482
4.472772,150,253.612531
-0.849214,150,254.297276
-16.539605,150,254.979192
-27.195502,150,255.677895
-19.103593,150,256.379791
-30.980475,150,257.073096
-10.979578,150,259.174934
-22.780794,150,259.859224
-13.073817,150,260.567556
-3.369689,150,261.178239
-11.073036,150,261.750843
0.445424,150,262.357385
-26.267107,150,263.073673
-0.6324,150,263.745917
-27.183583,150,264.445048
-21.049338,150,265.200597
-22.347751,150,265.918644
-27.780615,150,266.654305
-20.938889,150,267.383836
-17.302009,150,268.071226
-16.193818,150,270.194814
1.400403,150,270.877725
-21.525011,150,271.599817
8.624848,150,272.264336
-11.007446,150,272.837402
-21.498461,150,273.427085
-24.216863,150,274.118692
-15.06629,150,274.840914
-1.475242,150,275.537529
-9.098442,150,276.229716
-17.58016,150,276.935826
2.122414,150,277.628476
-10.562376,150,278.321345
-8.2737,150,280.581496
-10.504987,150,281.190167
-30.254333,150,281.93202
3.185202,150,282.659978
-23.651395,150,283.359339
-13.128476,150,283.979978
-26.042333,150,284.600863
-29.283734,150,285.326305
-0.918347,150,286.034895
-19.216694,150,286.797145
-7.697055,150,287.517637
-3.025818,150,288.236715
-9.597182,150,288.984271
-14.032167,150,289.733743
-6.653931,150,291.99371
-39.738948,150,292.581969
-7.229829,150,293.310517
-16.000137,150,293.97225
-15.085159,150,294.612105
-22.73092,150,295.20051
2.285944,150,295.792952
8.984102,150,296.486974
2.180199,150,297.189228
-5.520854,150,297.892664
0.333121,150,298.590597
9.517479,150,299.305774
-4.650841,150,300.011936
-12.697063,150,300.711278
-9.686479,150,302.89867
-42.890838,150,303.494295
-8.939683,150,304.164817
-34.787416,150,304.834719
-5.640744,150,305.55692
-34.327503,150,306.221944
-12.956952,150,306.844904
-4.141727,150,307.406532
-21.128649,150,308.108453
-21.732401,150,308.820061
-0.265057,150,309.529525
-13.93005,150,310.27093
1.667681,150,310.981632
1.84216,150,313.24008
-19.313264,150,313.85301
14.82649,150,314.493997
-26.174406,150,315.125716
-20.155565,150,315.845989
-23.407544,150,316.531167
21.124674,150,317.214396
5.710943,150,317.792473
-5.164141,150,318.385167
-4.348624,150,319.078261
-12.74128,150,319.756144
-16.344061,150,320.425383
-1.062059,150,321.125448
-0.777854,150,321.812375
7.942525,150,324.073623
5.735237,150,324.67054
1.681513,150,325.257411
6.021812,150,325.824325
-12.593783,150,326.466569
2.705981,150,327.181007
4.246368,150,327.934866
-11.631646,150,328.608594
-30.472593,150,329.225158
-6.928927,150,329.83107
-13.402127,150,330.527571
-7.164835,150,331.234368
-16.624069,150,331.923789
-9.254507,150,332.607049
-16.531414,150,334.935664
-16.54502,150,335.625219
-17.299214,150,336.249464
-9.531533,150,336.85771
-8.580843,150,337.530708
-17.279539,150,338.226073
-9.227748,150,338.920204
-15.680454,150,339.661415
-8.243212,150,340.301581
-6.125518,150,340.895657
-22.147746,150,341.507204
-10.474308,150,342.221797
0.870488,150,342.93622
1.162016,150,345.242544
4.376344,150,345.89265
-10.138335,150,346.560517
4.154117,150,347.240895
2.358107,150,347.829694
-15.185594,150,348.437011
-12.34855,150,349.127264
12.492327,150,349.848162
-11.364074,150,350.536653
-9.643867,150,351.289644
-2.740216,150,351.881384
-1.662172,150,352.470645
-12.961652,150,353.093198
-13.324484,150,353.789185
0.334811,150,356.057474
-13.156954,150,356.763688
10.010484,150,357.501373
-1.060459,150,358.191484
-16.168655,150,358.772895
-0.186477,150,359.399741
-4.162131,150,360.041395
-33.145121,150,360.742234
-9.60698,150,361.487577
-3.852095,150,362.190087
10.52043,150,362.882502
5.553536,150,363.519778
-6.707112,150,364.157542
-10.909773,150,364.795894
-4.986362,150,367.10103
20.87001,150,367.820255
-16.358343,150,368.515551
13.445319,150,369.208815
1.822184,150,369.869866
-13.096356,150,370.477453
-12.67434,150,371.060705
13.124205,150,371.841171
-21.222485,150,372.531955
-15.878573,150,373.288689
-0.84343,150,373.944268
-17.228611,150,374.621128
-13.14158,150,375.236287
0.312446,150,377.352514
-13.072599,150,377.99827
-20.506452,150,378.695126
7.54692,150,379.3579
-4.481725,150,380.073112
5.059957,150,380.709491
3.89747,150,381.273968
5.24289,150,381.833989
-18.379608,150,382.514474
19.874382,150,383.197895
-1.716946,150,383.872119
-12.18773,150,384.567605
-9.389319,150,385.256354
15.192131,150,385.91397
-19.567638,150,388.034431
-16.208685,150,388.72388
-12.38637,150,389.413284
-3.260361,150,390.127227
5.701222,150,390.873367
-12.170642,150,391.535935
-5.023134,150,392.148415
-0.132927,150,392.717953
-11.807296,150,393.392672
3.404403,150,394.100079
-22.105086,150,394.825568
-13.127994,150,395.539984
-10.981728,150,396.281216
10.371703,150,397.008964
-11.302077,150,399.265799
1.172214,150,400.005609
-10.883399,150,400.734594
-11.037388,150,401.450952
5.523672,150,402.178566
-3.039314,150,402.927192
-14.770403,150,403.564176
-5.969132,150,404.192493
-23.64238,150,404.852666
-8.253889,150,405.565758
-30.16631,150,406.225414
0.935176,150,406.919233
-22.610242,150,407.628456
-17.881247,150,409.827466
-20.155055,150,410.384756
-4.238112,150,411.126382
-3.219951,150,411.828455
2.113588,150,412.516918
-14.987288,150,413.244575
-21.72225,150,414.004297
-3.195905,150,414.629684
-2.810983,150,415.223702
2.113237,150,415.840816
-7.749126,150,416.562458
-0.911182,150,417.24118
6.473128,150,417.929404
-12.673434,150,418.625613
-6.399848,150,420.864563
-8.748733,150,421.465035
-4.905354,150,422.138351
-2.317964,150,422.838455
7.41022,150,423.564747
-25.961272,150,424.227784
-25.37343,150,424.988073
-8.642334,150,425.638099
5.341698,150,426.29684
-1.742079,150,426.981103
11.141014,150,427.762799
5.608402,150,428.543364
5.319085,150,429.332542
-12.821085,150,430.12635
-11.408494,150,432.507938
-7.163125,150,433.116754
-12.839807,150,433.720181
3.775182,150,434.423523
-6.591925,150,435.161387
-3.408976,150,435.887727
-8.268332,150,436.604028
-12.946416,150,437.279927
-16.570637,150,437.883842
6.523863,150,438.475984
-6.799977,150,439.123262
11.38257,150,439.787796
8.68428,150,440.501062
2.926614,150,442.812064
-4.395359,150,443.487843
-15.684424,150,444.195725
10.209965,150,444.808472
-14.687206,150,445.437254
2.23205,150,446.123458
-9.07024,150,446.845713
-9.859729,150,447.540221
-10.102822,150,448.265043
-10.841322,150,448.89079
1.88538,150,449.519018
-6.04892,150,450.161259
-6.651304,150,450.864155
-12.956112,150,451.558541
-14.164113,150,453.850507
-20.715791,150,454.542394
8.254819,150,455.261798
-21.274706,150,455.940845
-15.818257,150,456.524303
-31.524536,150,457.114022
-1.314372,150,457.812168
1.758352,150,458.593016
-28.700642,150,459.352838
-23.619226,150,460.12704
9.078432,150,460.808217
-22.150753,150,461.480676
-3.707192,150,462.231945
7.469737,150,463.031294
-2.730009,150,465.572119
-20.298537,150,466.394307
-9.378044,150,467.217114
-27.488342,150,468.007885
6.886612,150,468.687141
-3.819682,150,469.299904
-17.053131,150,469.917324
-15.878227,150,470.625213
14.395733,150,471.327808
-0.705023,150,472.062584
3.108776,150,472.729275
9.192866,150,473.366318
-10.876124,150,473.984033
-0.890599,150,476.262837
-29.796372,150,476.962057
-3.306036,150,477.698078
-6.791294,150,478.393265
10.247723,150,479.089344
-10.524236,150,479.84042
11.088194,150,480.487036
-20.187098,150,481.123926
-16.22264,150,481.726087
7.928922,150,482.453106
-11.599586,150,483.191872
-5.589922,150,483.910842
22.219799,150,484.518313
18.054984,150,485.119016
1.222767,150,487.433905
-10.500442,150,488.182422
9.40467,150,488.880031
10.900505,150,489.580205
5.59156,150,490.313622
-16.359956,150,491.014991
7.229065,150,491.689046
7.29698,150,492.296705
13.892604,150,492.906834
2.006705,150,493.569303
19.950498,150,494.283814
-6.417599,150,495.013418
-19.904198,150,495.640943
11.240612,150,496.266886
-8.338889,150,498.480389
-11.031949,150,499.210651
-6.184306,150,499.939358
0.138145,150,500.640424
0.439642,150,501.433357
7.061218,150,502.167018
-17.211711,150,502.865995
3.31062,150,503.475503
-14.219914,150,504.076559
-3.138773,150,504.713567
-3.297935,150,505.425513
10.700636,150,506.168146
1.937089,150,506.845706
13.15367,150,508.990113
-30.030026,150,509.67741
20.214043,150,510.350033
-7.162969,150,511.071927
3.010168,150,511.816057
-17.326311,150,512.511248
-9.191847,150,513.252651
0.153528,150,514.002944
6.627925,150,514.706094
25.282491,150,515.331493
-8.753977,150,515.996197
-20.733004,150,516.724794
-0.527814,150,517.451713
-11.730114,150,518.14481
5.610796,150,520.327582
7.814686,150,521.004006
7.84475,150,521.701935
-4.732007,150,522.427036
21.003619,150,523.180564
16.829878,150,523.872932
-11.257198,150,524.565827
18.991629,150,525.302691
-14.29721,150,525.950082
26.971798,150,526.563768
-13.26119,150,527.200061
14.560529,150,527.931599
21.755221,150,528.626954
-1.164094,150,529.331867
-7.461176,150,531.542919
-2.250579,150,532.246809
8.032596,150,532.992852
2.127871,150,533.671907
-4.529706,150,534.411525
10.833032,150,535.127932
16.446326,150,535.827312
5.669897,150,536.51512
4.660231,150,537.135076
-13.833902,150,537.738245
13.747959,150,538.335907
28.087164,150,539.0455
-3.341743,150,539.728267
2.046006,150,541.908352
9.006969,150,542.486382
-14.232797,150,543.134645
16.953365,150,543.8413
-9.396014,150,544.550503
7.811945,150,545.284389
28.179932,150,546.003385
13.526451,150,546.727202
5.871881,150,547.422705
7.099322,150,548.121765
32.540211,150,548.707991
-13.604633,150,549.272448
10.430427,150,549.933722
15.051872,150,550.631376
0.952158,150,552.857899
-16.246566,150,553.442328
-0.423132,150,554.044819
-6.585524,150,554.72341
17.614208,150,555.437859
-19.289718,150,556.158721
13.643278,150,556.861851
-3.427825,150,557.580849
-22.594262,150,558.295044
-11.455155,150,559.0199
-14.554643,150,559.692745
-5.655803,150,560.321442
0.5065,150,560.907197
24.360894,150,563.153419
-7.141049,150,563.81503
1.173064,150,564.381844
7.945381,150,565.004357
5.61467,150,565.701795
10.352717,150,566.412398
0.724474,150,567.129731
3.199299,150,567.882126
-5.9884,150,568.57797
7.441929,150,569.263173
1.267238,150,569.937533
18.924418,150,570.604326
1.760625,150,571.267587
-26.353041,150,571.857051
26.03501,150,574.020162
8.260488,150,574.683325
21.821042,150,575.320664
12.053457,150,575.955195
-15.365681,150,576.609521
7.629658,150,577.353843
9.877635,150,578.043736
-8.143104,150,578.771903
6.302611,150,579.528225
15.512422,150,580.235762
-20.001992,150,580.95779
24.409126,150,581.653727
-6.252285,150,582.407233
5.625798,150,583.044001
-26.025228,150,585.28528
5.027766,150,585.988748
8.509382,150,586.582392
1.874885,150,587.209019
-6.784539,150,587.884964
15.535427,150,588.581794
-16.108733,150,589.321251
6.244903,150,590.034096
1.776949,150,590.759192
13.491072,150,591.491739
9.349059,150,592.241496
21.950172,150,592.9339
-6.219339,150,593.648177
-6.276848,150,595.842855
-15.497925,150,596.503295
12.125281,150,597.168353
-15.992888,150,597.781614
3.81255,150,598.37158
9.9745,150,599.048221
-10.209572,150,599.774591
3.936564,150,600.484318
-3.968121,150,601.215688
1.943601,150,601.930118
17.648707,150,602.654582
-11.832252,150,603.350148
-0.211521,150,604.079763
6.491717,150,604.807185
8.34982,150,606.988781
22.097816,150,607.608505
20.298037,150,608.334223
-11.484235,150,608.954372
18.984396,150,609.578971
7.705871,150,610.257016
8.489942,150,611.005053
-5.962553,150,611.688807
2.292149,150,612.37855
-11.763334,150,613.137866
13.777269,150,613.861554
-6.128524,150,614.534342
-2.339353,150,615.225742
11.197608,150,615.945926
-9.487669,150,618.159969
14.465867,150,618.756855
-3.270669,150,619.421004
-14.004303,150,620.022577
-10.708975,150,620.665215
0.922632,150,621.324596
-7.038264,150,622.034326
-6.01797,150,622.735136
3.639029,150,623.430071
10.832323,150,624.184822
-0.291126,150,624.921221
-3.335658,150,625.629185
10.431534,150,626.381689
4.915144,150,628.707143
-15.272286,150,629.316135
5.73486,150,629.899228
3.553397,150,630.516312
0.398025,150,631.151371
6.14973,150,631.755861
-8.78242,150,632.344587
22.100368,150,633.032352
-9.040341,150,633.730944
17.80105,150,634.493352
15.602777,150,635.207748
2.25446,150,635.931967
25.2327,150,636.671986
8.851419,150,637.424833
-3.970665,150,639.7765
-13.805202,150,640.503316
10.376795,150,641.137486
26.488112,150,641.773721
-7.69365,150,642.42308
0.603802,150,643.023742
26.569257,150,643.602825
-17.501,150,644.300693
14.05467,150,645.053745
2.655918,150,645.771641
-15.208246,150,646.492403
-12.932781,150,647.202319
-6.663464,150,647.899758
14.449877,150,648.610585
-12.874281,150,650.940067
0.548811,150,651.665411
-7.777518,150,652.336578
4.771047,150,652.939493
-4.799652,150,653.547112
-6.550971,150,654.139374
-0.825945,150,654.790678
15.510651,150,655.422885
3.64476,150,656.149721
3.434352,150,656.88658
25.215297,150,657.58638
-16.183969,150,658.309875
-1.653215,150,659.01339
24.844463,150,661.365144
-4.134357,150,662.033873
-7.315747,150,662.727881
8.152315,150,663.454831
30.030122,150,664.11822
11.968145,150,664.723154
7.536415,150,665.314985
-6.595434,150,666.00299
-6.574063,150,666.606557
1.777615,150,667.341311
10.054743,150,668.068778
7.562682,150,668.783952
-25.201851,150,669.521135
-1.719915,150,670.267303
3.356644,150,672.54812
8.946426,150,673.291054
-8.291334,150,674.045322
17.069315,150,674.769333
19.379122,150,675.446967
-11.60628,150,676.038759
8.947444,150,676.627237
-4.212753,150,677.191367
-20.56349,150,677.771665
21.583338,150,678.402433
22.010301,150,679.147004
-6.108173,150,679.84974
-5.597352,150,680.570773
1.553557,150,681.317602
0.012814,150,683.592313
11.637781,150,684.274674
6.989273,150,685.028529
6.018509,150,685.735409
-23.725511,150,686.445397
27.585922,150,687.113433
7.931915,150,687.746519
4.509509,150,688.275932
-4.301018,150,688.864447
4.573877,150,689.504335
-1.118678,150,690.182241
10.558957,150,690.93849
14.784934,150,691.625246
9.322505,150,693.943341
-0.647926,150,694.674744
-4.239529,150,695.407186
12.279305,150,696.122623
-13.152671,150,696.885751
5.547564,150,697.559615
19.319279,150,698.282489
11.355708,150,698.920781
-11.180283,150,699.541871
0.950939,150,700.028875
-1.765032,150,700.607448
8.354143,150,701.251297
-14.215423,150,701.965789
9.949521,150,702.660581
27.655347,150,705.020059
12.226925,150,705.727001
-0.420597,150,706.449237
-5.103491,150,707.199761
-6.073643,150,707.911356
8.17601,150,708.623546
6.863166,150,709.335457
-21.275181,150,710.02533
22.017541,150,710.629161
29.308833,150,711.190148
11.33122,150,711.660985
-16.660999,150,712.26409
5.332097,150,712.96088
5.238934,150,713.645673
-3.217972,150,715.928399
7.977771,150,716.64204
29.269317,150,717.392527
0.714953,150,718.100238
-1.712121,150,718.847709
8.443042,150,719.59884
-5.45671,150,720.296699
12.569233,150,721.036049
-2.275324,150,721.689439
-5.769389,150,722.267576
19.371261,150,722.796637
25.852618,150,723.334793
17.006615,150,723.932487
0.986185,150,726.21484
9.008187,150,726.90714
-17.995268,150,727.655841
15.872803,150,728.346434
-13.289031,150,729.044173
25.533877,150,729.753201
17.580085,150,730.489024
8.322652,150,731.199504
8.56067,150,731.908692
-7.763726,150,732.651771
-0.149645,150,733.348287
10.889872,150,734.005538
11.66883,150,734.538069
-11.253671,150,735.169696
-4.132672,150,737.646866
6.405431,150,738.442068
0.438525,150,739.238569
-7.062397,150,739.968403
25.720636,150,740.680683
14.134662,150,741.376823
13.677766,150,742.099442
-2.664829,150,742.829136
-15.526982,150,743.496264
8.97699,150,744.198461
12.502025,150,744.917801
17.517068,150,745.543869
-2.449225,150,746.153854
0.159332,150,746.627171
21.945683,150,748.753448
-11.471029,150,749.466622
0.963138,150,750.210526
27.226071,150,750.929887
15.624973,150,751.612131
12.996438,150,752.320601
-7.752454,150,752.997929
11.392697,150,753.71347
-3.048833,150,754.408579
-10.117186,150,755.143947
8.079419,150,755.859647
-9.188439,150,756.555824
3.867188,150,757.22659
10.250128,150,759.157566
16.72006,150,759.876129
4.726454,150,760.626839
-21.744331,150,761.336777
-11.447133,150,762.042779
-13.07013,150,762.770113
15.79801,150,763.483828
26.886736,150,764.220983
-14.965187,150,764.930256
-26.151955,150,765.641926
-2.545977,150,766.365855
19.356057,150,767.1089
24.889404,150,767.823164
21.798981,150,768.510588
20.68111,150,770.639846
18.832102,150,771.407015
-1.810634,150,772.194439
-2.073595,150,773.010405
-7.751523,150,773.840983
17.548187,150,774.621795
3.61102,150,775.446786
6.60008,150,776.224072
12.288544,150,777.003808
24.875357,150,777.833192
11.821083,150,778.636997
-4.828023,150,779.433647
18.558298,150,780.19901
15.625977,150,780.918313
27.85371,150,782.826577
-10.474322,150,783.424782
-0.663817,150,784.182257
5.252763,150,784.909594
1.112371,150,785.622381
12.90502,150,786.375433
24.291245,150,787.074727
22.032141,150,787.808304
8.099907,150,788.569279
26.708129,150,789.318971
26.540727,150,790.03644
11.348672,150,790.69873
9.556734,150,791.429828
24.121422,150,793.603976
-20.819538,150,794.044838
24.690194,150,794.480198
-3.116591,150,795.053105
11.873894,150,795.715188
10.041551,150,796.433537
-6.070024,150,797.162997
26.033103,150,797.849375
14.41496,150,798.578342
-0.492476,150,799.296107
24.676126,150,799.960731
5.479799,150,800.642509
2.980972,150,801.331519
27.749825,150,802.027522
26.675287,150,804.308724
11.033583,150,804.873901
0.60131,150,805.311409
19.477168,150,805.739307
9.4844,150,806.202162
-5.511765,150,806.932668
-5.337054,150,807.644924
-14.475998,150,808.345382
-11.061505,150,809.068045
-1.265547,150,809.79726
22.490093,150,810.49931
15.31104,150,811.187953
-0.412324,150,811.895401
26.988039,150,812.589398
10.765287,150,814.908882
13.208674,150,815.663733
9.152307,150,816.326901
16.536093,150,816.756126
5.835914,150,817.200854
-6.014188,150,817.641359
11.730485,150,818.332809
12.13631,150,819.044321
15.542513,150,819.742448
-11.836014,150,820.439108
5.212161,150,821.127742
-25.583648,150,821.859426
0.373945,150,822.548286
-12.218708,150,824.844664
1.502578,150,825.493612
5.662575,150,826.174767
20.194667,150,826.892523
-9.55964,150,827.564241
4.171403,150,828.065096
3.013151,150,828.491373
11.266825,150,828.926346
-9.752673,150,829.493325
-21.412851,150,830.191757
11.468884,150,830.860897
22.797744,150,831.546822
8.272014,150,832.266994
18.524318,150,832.944808
8.782001,150,835.247063
24.569077,150,835.953688
14.941537,150,836.631266
9.701644,150,837.324675
-12.597268,150,838.014696
12.831828,150,838.709455
2.611394,150,839.298086
-2.390148,150,839.725816
5.69853,150,840.156509
20.048169,150,840.62407
19.903957,150,841.338241
4.569461,150,842.000823
10.185341,150,842.69279
30.973217,150,844.97084
3.835685,150,845.629598
5.072589,150,846.321177
20.820538,150,847.055613
-6.219879,150,847.735737
11.152266,150,848.499613
1.157956,150,849.247493
16.804286,150,849.962915
23.961506,150,850.567952
-12.08812,150,851.065951
25.756877,150,851.494117
-1.88986,150,851.946147
-5.395989,150,852.572098
-20.611437,150,853.296299
1.165256,150,855.582857
21.592421,150,856.312598
-6.676839,150,856.998501
17.579233,150,857.685792
7.0852,150,858.414663
12.15325,150,859.165714
10.77875,150,859.863497
23.508997,150,860.522734
27.55556,150,861.193418
16.930846,150,861.823813
7.507401,150,862.386536
-5.539566,150,862.815376
10.643477,150,863.300896
7.090462,150,863.874551
-4.882706,150,866.104794
2.917508,150,866.768851
-0.318353,150,867.468291
8.062974,150,868.157825
8.321197,150,868.835134
18.295456,150,869.536893
-3.147007,150,870.25938
30.965107,150,870.959178
6.629628,150,871.674041
8.590475,150,872.348357
-0.146766,150,872.986053
-8.10485,150,873.571938
17.499291,150,874.022079
-0.458673,150,876.068427
27.859143,150,876.711041
-5.407813,150,877.413654
18.705947,150,878.132297
-1.159075,150,878.831706
6.503476,150,879.511106
-0.168851,150,880.24715
1.221465,150,880.974607
-9.243148,150,881.664304
1.811003,150,882.363205
16.685165,150,883.080877
17.416051,150,883.786863
3.878738,150,884.406452
5.53263,150,885.023051
-25.949946,150,887.071839
24.183221,150,887.737523
8.6363,150,888.430822
4.390157,150,889.130736
14.852026,150,889.868837
19.621035,150,890.613223
2.587747,150,891.396326
-1.765455,150,892.127228
-2.531905,150,892.883013
21.360007,150,893.547119
17.623536,150,894.256495
0.453487,150,894.962533
23.579622,150,895.534077
10.168649,150,896.156783
20.996604,150,898.214383
26.009655,150,898.919061
4.218051,150,899.646291
17.184161,150,900.33295
5.613537,150,901.046293
11.843815,150,901.733074
-7.6705,150,902.42939
7.287815,150,903.1129
18.708793,150,903.82758
24.074847,150,904.535571
-0.702011,150,905.288691
-15.846873,150,905.99813
5.999304,150,906.605607
-9.597855,150,908.735209
14.390348,150,909.345482
-12.236778,150,910.04483
6.271845,150,910.730133
-6.640094,150,911.436589
30.068285,150,912.14199
14.14872,150,912.841357
18.369324,150,913.551236
8.879976,150,914.293116
8.885901,150,915.056422
7.016074,150,915.740953
5.304869,150,916.476967
26.642758,150,917.213196
29.23808,150,917.814689
20.011835,150,919.910805
14.689279,150,920.50627
7.871964,150,921.101628
30.810574,150,921.803835
6.568239,150,922.498026
6.281264,150,923.206997
17.922637,150,923.892597
-1.846739,150,924.588494
6.854348,150,925.281483
-12.834887,150,925.95422
29.812611,150,926.654724
13.331272,150,927.374753
5.79507,150,928.070981
30.585141,150,928.736827
20.646755,150,930.884941
16.79402,150,931.499703
27.240013,150,932.116887
1.998912,150,932.778281
10.970613,150,933.482451
12.210565,150,934.205119
27.501641,150,934.886316
18.717285,150,935.61648
9.174747,150,936.338925
-9.6008,150,937.055507
-3.896441,150,937.784877
14.744209,150,938.475595
12.144709,150,939.203234
27.702847,150,941.325226
5.107714,150,942.041257
-3.95788,150,942.621693
21.065095,150,943.201309
22.135934,150,943.822628
3.526257,150,944.486284
18.783525,150,945.142921
6.079555,150,945.846307
-0.86708,150,946.531318
23.683785,150,947.186686
0.98122,150,947.895561
7.862538,150,948.609032
24.05254,150,949.334877
-2.795783,150,950.047017
-1.74927,150,952.209882
-6.326972,150,952.827916
24.366083,150,953.417609
8.488707,150,954.008299
-2.693537,150,954.579889
31.503579,150,955.319966
15.9612,150,956.019389
15.319246,150,956.720699
5.032479,150,957.446288
18.020695,150,958.133729
13.022853,150,958.842919
-3.960244,150,959.536777
17.116929,150,960.21135
20.355521,150,960.919679
3.161928,150,963.100979
2.480994,150,963.69807
5.769556,150,964.410442
20.241093,150,965.027575
20.079234,150,965.629238
7.499744,150,966.318201
5.424233,150,967.015186
18.102892,150,967.733402
8.876714,150,968.457279
26.434156,150,969.159029
16.48313,150,969.888493
32.047835,150,970.578779
12.047337,150,971.31029
14.064015,150,973.5552
0.842751,150,974.133698
-0.888324,150,974.718699
18.840103,150,975.421576
11.512034,150,976.062937
5.679352,150,976.641746
24.251272,150,977.219665
15.82463,150,977.894943
14.349477,150,978.587908
13.198205,150,979.273192
9.731975,150,979.964846
3.871334,150,980.655737
0.965724,150,981.379439
27.571707,150,982.050575
23.939473,150,984.261289
13.093644,150,984.849943
9.400686,150,985.425191
27.671294,150,986.03308
-4.97692,150,986.706958
17.942281,150,987.279526
12.941936,150,987.834136
18.128607,150,988.426927
8.685488,150,989.143317
2.745564,150,989.777813
-9.937249,150,990.472676
11.097608,150,991.182664
2.321214,150,991.903506
8.621939,150,992.578183
5.086692,150,994.84374
17.268633,150,995.518954
-2.497321,150,996.154024
24.536061,150,996.771415
20.515479,150,997.46431
30.716199,150,998.112067
-1.550225,150,998.7106
24.653177,150,999.331263
8.603491,150,1000.006452
27.71547,150,1000.704509
18.501437,150,1001.422272
-0.79723,150,1002.143578
14.192509,150,1002.806124
-8.122939,150,1005.071375
15.786826,150,1005.738937
4.576635,150,1006.427671
13.70874,150,1007.041233
9.893665,150,1007.614125
27.441448,150,1008.200636
15.954709,150,1008.890816
17.174671,150,1009.527457
-12.671822,150,1010.118528
16.559038,150,1010.684031
13.133201,150,1011.363051
14.765188,150,1012.047329
-11.905817,150,1012.729401
20.938944,150,1013.380606
0.841459,150,1015.680789
13.703707,150,1016.343767
12.764792,150,1017.062836
33.012238,150,1017.758392
18.932657,150,1018.349674
9.224875,150,1018.958086
14.348065,150,1019.622082
6.798553,150,1020.317966
10.339696,150,1020.995343
9.794746,150,1021.559505
10.97887,150,1022.157503
1.571866,150,1022.864923
7.125278,150,1023.542484
-1.735452,150,1024.272102
10.01946,150,1026.559678
15.638016,150,1027.303807
12.079354,150,1028.000546
-3.327973,150,1028.675676
22.179789,150,1029.336798
16.095844,150,1029.931958
3.899482,150,1030.523389
27.300472,150,1031.247382
2.489234,150,1031.893962
25.595753,150,1032.446693
2.651336,150,1033.054209
15.782764,150,1033.740433
6.169716,150,1034.395683
22.391104,150,1036.667821
9.773016,150,1037.344749
22.348671,150,1038.041331
12.532515,150,1038.742699
11.300992,150,1039.455109
6.056359,150,1040.141301
-22.379633,150,1040.737069
21.62336,150,1041.343823
19.129411,150,1042.005194
16.421262,150,1042.835447
18.336499,150,1043.499725
17.091398,150,1044.14712
25.382566,150,1044.821738
26.693318,150,1045.597358
-7.652697,150,1048.03698
9.647105,150,1048.725407
23.740038,150,1049.365592
8.144024,150,1050.055835
8.182224,150,1050.718651
30.642472,150,1051.41626
13.5181,150,1052.080215
19.046741,150,1052.652329
10.639418,150,1053.250276
5.336354,150,1053.869518
22.818951,150,1054.60432
16.679951,150,1055.192122
6.349047,150,1055.836148
6.381811,150,1056.464925
20.054985,150,1058.742681
12.914649,150,1059.460152
1.573764,150,1060.163374
23.728623,150,1060.89536
24.980857,150,1061.620332
25.151446,150,1062.331542
10.168983,150,1063.031766
11.288827,150,1063.639039
31.778911,150,1064.230276
19.63788,150,1064.844124
4.192894,150,1065.559867
10.842588,150,1066.249729
-13.600798,150,1066.82911
29.107008,150,1068.966794
8.8681,150,1069.67095
5.977874,150,1070.404948
13.517383,150,1071.088253
1.606828,150,1071.795825
25.189542,150,1072.525068
12.775186,150,1073.220265
19.04842,150,1073.955482
4.447843,150,1074.580839
22.239324,150,1075.192664
-0.468264,150,1075.796616
1.277536,150,1076.512446
13.336914,150,1077.210748
2.896425,150,1077.822063
13.327883,150,1079.947773
8.123357,150,1080.612306
7.470005,150,1081.311481
31.314846,150,1082.04166
14.958704,150,1082.822211
-0.776006,150,1083.607866
26.16572,150,1084.409894
29.32357,150,1085.189584
24.784709,150,1085.929245
3.917625,150,1086.609948
10.470254,150,1087.304536
18.844181,150,1088.073594
6.915164,150,1088.833444
14.027984,150,1091.317684
23.901394,150,1092.047616
20.126779,150,1092.756293
-7.314599,150,1093.493845
11.80015,150,1094.156507
-3.000344,150,1094.878102
5.921838,150,1095.564008
10.982717,150,1096.222442
9.151532,150,1096.902416
2.61676,150,1097.535966
2.772936,150,1098.12539
1.705677,150,1098.737179
-5.695846,150,1099.449812
22.011406,150,1100.177323
9.448849,150,1102.433179
16.58872,150,1103.040875
-1.817366,150,1103.658702
16.716875,150,1104.37074
0.771265,150,1105.094592
12.668863,150,1105.820899
-2.785828,150,1106.538
0.910272,150,1107.233415
25.544091,150,1107.903948
9.315554,150,1108.580837
6.32832,150,1109.176674
15.607252,150,1109.774896
-1.098597,150,1110.432044
18.622517,150,1111.133145
29.006945,150,1113.304572
7.668053,150,1113.919182
-3.051421,150,1114.506861
10.01787,150,1115.195998
-0.373429,150,1115.886833
29.231695,150,1116.562382
20.502273,150,1117.258465
1.35565,150,1117.936819
19.756631,150,1118.647613
6.474798,150,1119.405589
15.847034,150,1120.041688
17.090233,150,1120.616441
1.427866,150,1121.246823
25.659325,150,1123.543193
8.801438,150,1124.207475
4.572801,150,1124.836073
10.091577,150,1125.416342
-0.76589,150,1126.01678
2.472207,150,1126.723831
5.267821,150,1127.410555
18.995127,150,1128.147232
5.854484,150,1128.882784
32.092098,150,1129.571966
28.203632,150,1130.316755
6.70339,150,1130.907691
10.075368,150,1131.509464
28.896451,150,1132.094606
26.158232,150,1134.378896
19.993652,150,1135.073906
27.26888,150,1135.731753
-2.392266,150,1136.333459
22.569397,150,1136.96014
9.170577,150,1137.611245
2.801845,150,1138.312132
6.313306,150,1138.997724
8.157385,150,1139.66627
8.759414,150,1140.380988
4.713878,150,1141.075248
18.604281,150,1141.688174
17.673598,150,1142.295746
27.261831,150,1142.887036
13.274415,150,1145.053668
-0.796448,150,1145.735008
1.807856,150,1146.399739
9.737727,150,1146.998743
-2.638488,150,1147.574896
31.340059,150,1148.207922
10.55932,150,1148.926694
-2.358404,150,1149.646252
-6.799765,150,1150.363926
26.125255,150,1151.062363
5.569065,150,1151.7167
-3.76244,150,1152.42506
6.675916,150,1153.081028
14.524019,150,1155.199172
1.410442,150,1155.835975
8.496122,150,1156.547269
11.626075,150,1157.25855
-0.72747,150,1157.907381
-7.687496,150,1158.54357
12.924042,150,1159.118022
-0.575774,150,1159.799044
2.759206,150,1160.493856
28.326464,150,1161.216996
29.342617,150,1161.92229
35.070563,150,1162.611239
-12.620675,150,1163.283178
24.691646,150,1163.943412
23.956668,150,1166.116369
20.043757,150,1166.798079
9.857365,150,1167.456533
8.660632,150,1168.151742
12.897212,150,1168.743268
-4.709133,150,1169.332969
13.245464,150,1169.918288
9.686298,150,1170.609987
21.147097,150,1171.330383
12.345776,150,1172.018443
16.575794,150,1172.722742
11.437063,150,1173.412145
24.721157,150,1174.095109
8.924401,150,1174.795207
8.669605,150,1176.874274
18.272476,150,1177.548333
-4.522502,150,1178.210697
33.784532,150,1178.911222
9.810793,150,1179.597309
0.429918,150,1180.188681
5.043141,150,1180.773309
10.409131,150,1181.43354
11.188632,150,1182.126361
4.597457,150,1182.791474
25.14646,150,1183.478417
13.271235,150,1184.220986
2.189417,150,1184.93791
30.508204,150,1187.144179
23.473937,150,1187.735586
7.600757,150,1188.385405
15.845057,150,1189.090118
15.196031,150,1189.791956
24.06794,150,1190.485811
-16.000822,150,1191.151401
24.624744,150,1191.751474
10.759882,150,1192.36936
14.478084,150,1193.097645
1.212969,150,1193.793028
6.049039,150,1194.461017
25.724167,150,1195.174266
22.649168,150,1195.842208
30.877295,150,1198.041073
1.52394,150,1198.620822
6.445174,150,1199.224293
28.614461,150,1199.930086
20.055247,150,1200.611097
22.450031,150,1201.293158
15.706162,150,1202.010453
9.556437,150,1202.646771
8.483977,150,1203.254415
20.196792,150,1203.898337
23.890749,150,1204.58579
25.590126,150,1205.300108
3.245136,150,1206.009753
-0.05642,150,1206.691528
-1.665916,150,1208.920988
16.000778,150,1209.53088
1.752038,150,1210.1552
25.312803,150,1210.827206
32.455491,150,1211.520671
33.168577,150,1212.232364
24.945631,150,1212.975866
-0.322129,150,1213.660061
15.035961,150,1214.244944
13.69698,150,1214.825865
15.662725,150,1215.489019
11.957631,150,1216.181385
28.598769,150,1216.863264
21.241335,150,1219.146186
29.098623,150,1219.836115
2.258139,150,1220.475585
20.202947,150,1221.122121
19.022469,150,1221.711344
18.275663,150,1222.413741
19.252651,150,1223.100727
29.58998,150,1223.790606
13.458473,150,1224.50526
1.699792,150,1225.104426
17.52224,150,1225.707609
17.653104,150,1226.315525
1.837692,150,1227.039313
19.263066,150,1227.732392
-5.590172,150,1229.944018
2.051602,150,1230.637074
7.667277,150,1231.274859
14.496386,150,1231.833328
17.6318,150,1232.412048
28.451946,150,1233.109748
24.893053,150,1233.782842
28.415462,150,1234.505667
-1.585138,150,1235.21127
13.107463,150,1235.920623
1.310728,150,1236.459042
-4.649521,150,1237.06352
4.536195,150,1237.687844
-1.906549,150,1238.375666
10.306712,150,1240.666848
10.472529,150,1241.375507
0.513176,150,1242.057223
23.400862,150,1242.692547
10.985479,150,1243.27928
9.962724,150,1243.900427
14.696955,150,1244.61674
6.008225,150,1245.326359
12.560696,150,1246.069285
14.178599,150,1246.742028
5.242939,150,1247.41244
28.082006,150,1248.008117
-1.290908,150,1248.601348
13.724157,150,1250.910743
19.194527,150,1251.593926
14.055679,150,1252.299019
14.323169,150,1253.021971
8.954256,150,1253.717626
13.756563,150,1254.305061
7.28629,150,1254.913142
4.975091,150,1255.616398
28.358202,150,1256.331598
22.738387,150,1257.058463
16.942985,150,1257.783101
-6.448645,150,1258.475114
11.249987,150,1259.116433
6.140137,150,1259.727324
21.683838,150,1261.933463
13.531733,150,1262.609595
18.088702,150,1263.291835
9.107579,150,1263.997125
6.479941,150,1264.695248
-0.126504,150,1265.2904
4.686148,150,1265.895736
30.592329,150,1266.527125
20.41144,150,1267.215137
22.619259,150,1267.911793
9.860038,150,1268.617428
11.308081,150,1269.334593
11.015685,150,1270.013558
21.922735,150,1270.632958
31.468944,150,1272.874318
17.593598,150,1273.591445
15.141175,150,1274.323523
-0.967379,150,1275.046793
12.951858,150,1275.757503
-2.675169,150,1276.36445
-1.747858,150,1276.996623
13.672904,150,1277.657861
33.875372,150,1278.372877
18.308755,150,1279.093781
0.89486,150,1279.781634
6.76091,150,1280.497519
27.349045,150,1281.172026
9.359294,150,1283.245752
14.163354,150,1283.932124
27.719189,150,1284.66085
7.863073,150,1285.327824
18.120769,150,1286.043496
33.91029,150,1286.710746
16.042517,150,1287.336338
26.15719,150,1287.90496
20.774892,150,1288.516144
7.73408,150,1289.246687
10.791019,150,1289.925755
11.295235,150,1290.626969
5.133886,150,1291.297844
17.811606,150,1291.989824
3.631967,150,1294.127489
8.000725,150,1294.744663
14.034951,150,1295.473288
-1.380031,150,1296.182329
14.127252,150,1296.86696
8.463942,150,1297.576658
18.650578,150,1298.210428
16.32971,150,1298.764504
16.902705,150,1299.359871
10.790915,150,1300.069457
4.149607,150,1300.794758
0.253748,150,1301.439896
5.428643,150,1302.148335
23.232864,150,1302.871144
18.438154,150,1305.047796
31.127192,150,1305.639393
16.618581,150,1306.268035
10.127503,150,1306.965919
8.202357,150,1307.672372
11.024799,150,1308.336923
17.341919,150,1309.037016
2.712573,150,1309.649276
18.979982,150,1310.215555
19.037917,150,1310.800457
19.497995,150,1311.536298
2.163064,150,1312.24416
21.392634,150,1312.916513
2.000151,150,1315.192597
3.109472,150,1315.861272
20.488625,150,1316.42698
11.083469,150,1316.991006
-0.379091,150,1317.611816
31.286374,150,1318.300581
19.983218,150,1319.029862
5.617277,150,1319.719732
12.384308,150,1320.424949
14.204636,150,1321.016361
-0.165685,150,1321.62696
17.703598,150,1322.286185
5.691244,150,1323.01999
12.004702,150,1323.766468
8.649996,150,1326.039901
27.453208,150,1326.701328
8.625542,150,1327.327898
26.22067,150,1327.949607
18.811018,150,1328.545765
-4.250341,150,1329.273261
9.135926,150,1329.997797
6.459753,150,1330.693105
18.164984,150,1331.441268
11.008985,150,1332.044738
30.96642,150,1332.65373
16.708141,150,1333.359318
15.71238,150,1334.062271
34.143474,150,1334.784418
23.596468,150,1337.064316
15.704513,150,1337.789992
7.645047,150,1338.433046
10.166333,150,1339.016675
26.924084,150,1339.583002
-1.667769,150,1340.258247
26.723446,150,1340.968458
2.327324,150,1341.678351
7.370647,150,1342.342503
-6.258535,150,1342.970818
1.736544,150,1343.571387
13.549378,150,1344.22214
28.023401,150,1344.900638
18.884961,150,1347.197413
8.905874,150,1347.900865
14.91976,150,1348.561121
5.876596,150,1349.255562
2.23027,150,1349.900588
8.36493,150,1350.500301
14.876189,150,1351.218844
13.714979,150,1352.050755
-1.625863,150,1352.830329
12.655374,150,1353.621714
28.467894,150,1354.394148
14.901457,150,1355.088884
2.122829,150,1355.81131
20.611952,150,1356.496862
-3.13432,150,1358.80098
2.092642,150,1359.483579
14.657195,150,1360.213104
6.02407,150,1360.912651
15.146634,150,1361.591266
0.420072,150,1362.194623
18.503196,150,1362.828905
19.866413,150,1363.480409
20.609191,150,1364.208205
19.398859,150,1364.906775
13.66603,150,1365.601714
9.297492,150,1366.244227
4.493638,150,1366.858037
18.967538,150,1369.050932
5.518529,150,1369.700208
16.448482,150,1370.396701
7.191643,150,1371.08639
5.374657,150,1371.778781
13.120004,150,1372.457279
17.046552,150,1373.139485
11.533056,150,1373.734889
36.033287,150,1374.348047
16.25138,150,1375.021426
8.452687,150,1375.727576
30.29619,150,1376.39039
15.630673,150,1377.117144
-0.166224,150,1377.744799
4.672348,150,1379.912359
8.384432,150,1380.595835
7.10001,150,1381.293786
22.978096,150,1382.014476
25.679911,150,1382.712937
14.390893,150,1383.416237
30.381543,150,1384.098667
13.961078,150,1384.712481
6.021593,150,1385.313622
3.1817,150,1385.976724
5.011109,150,1386.654935
12.91776,150,1387.373883
26.977077,150,1388.075278
15.268379,150,1388.766883
30.773599,150,1390.822564
5.952352,150,1391.51694
26.200137,150,1392.263941
10.170648,150,1392.955871
19.442216,150,1393.676062
-0.355916,150,1394.436009
11.846443,150,1395.230277
33.129192,150,1395.985389
23.761479,150,1396.647761
28.825214,150,1397.339378
3.846699,150,1398.107846
11.635291,150,1398.874187
22.056017,150,1399.620816
11.35681,150,1401.84519
29.883473,150,1402.530864
23.174093,150,1403.28505
32.706817,150,1404.033825
22.097503,150,1404.700398
19.361162,150,1405.39272
3.811463,150,1406.028128
13.801209,150,1406.699905
26.139877,150,1407.326401
21.962684,150,1407.855371
25.307804,150,1408.390015
-1.133577,150,1408.9516
3.704777,150,1409.562363
8.777987,150,1410.223898
7.564829,150,1412.265558
29.669348,150,1412.758758
7.889227,150,1413.384081
17.024875,150,1414.025408
22.137979,150,1414.635491
10.246223,150,1415.269113
23.519743,150,1415.909712
18.548898,150,1416.54899
18.223767,150,1417.172671
7.406961,150,1417.728415
15.165815,150,1418.269693
22.487685,150,1418.830677
7.426198,150,1419.488393
4.138842,150,1420.165017
20.765756,150,1422.213237
16.408985,150,1422.78582
23.039227,150,1423.349743
21.097172,150,1424.015927
28.445945,150,1424.638863
20.935495,150,1425.289253
14.990916,150,1425.961682
5.496388,150,1426.544871
18.587568,150,1427.159263
26.277077,150,1427.790729
6.196512,150,1428.340714
4.938417,150,1428.896038
16.723863,150,1429.494571
5.798389,150,1431.630796
28.033983,150,1432.189969
-1.432787,150,1432.736454
10.366938,150,1433.279292
-0.215249,150,1433.937135
21.737697,150,1434.600517
23.062749,150,1435.265661
1.727341,150,1435.877963
8.026778,150,1436.52677
12.465816,150,1437.183056
4.470983,150,1437.831819
12.066027,150,1438.40083
19.944469,150,1438.957515
9.947513,150,1439.514106
27.642647,150,1441.639348
15.663014,150,1442.216366
21.2209,150,1442.741442
13.760087,150,1443.258366
21.529414,150,1443.844524
18.010347,150,1444.443845
23.867322,150,1445.070391
6.451585,150,1445.666719
22.730775,150,1446.289986
16.018823,150,1446.916394
30.013591,150,1447.5286
19.423565,150,1448.186437
-4.220626,150,1448.735296
21.819399,150,1449.314806
25.66178,150,1451.415701
3.989846,150,1452.029573
9.469936,150,1452.597203
26.650935,150,1453.127025
-2.788123,150,1453.725708
-3.078675,150,1454.384407
24.947715,150,1455.031283
16.884775,150,1455.682554
13.142572,150,1456.343556
-4.229696,150,1456.966588
27.221165,150,1457.620375
13.350216,150,1458.259231
23.053419,150,1458.917519
17.185604,150,1460.975447
12.533779,150,1461.622813
16.877583,150,1462.23143
-6.923459,150,1462.798787
16.424241,150,1463.353084
0.321968,150,1463.951601
6.921023,150,1464.614844
20.743406,150,1465.292916
2.774605,150,1465.970975
27.921121,150,1466.581177
14.959551,150,1467.244888
17.048821,150,1467.872732
16.166777,150,1468.534369
21.123103,150,1469.185652
13.80326,150,1471.23201
13.733985,150,1471.930355
2.439107,150,1472.539087
22.511282,150,1473.123255
-0.303765,150,1473.681225
10.742069,150,1474.324763
27.93764,150,1474.973743
21.0172,150,1475.63455
3.828762,150,1476.280998
6.684881,150,1476.951978
8.236015,150,1477.591385
-1.557416,150,1478.213145
1.089039,150,1478.846943
13.97193,150,1479.534216
26.240504,150,1481.606507
-0.615766,150,1482.183111
29.812622,150,1482.806084
26.351009,150,1483.350572
-13.339507,150,1483.881218
10.950869,150,1484.498335
18.518078,150,1485.190763
9.110797,150,1485.8395
9.646877,150,1486.480739
17.624546,150,1487.170192
32.795756,150,1487.830343
12.341186,150,1488.492268
6.174863,150,1489.14585
20.1851,150,1491.28859
27.436758,150,1491.860425
17.447894,150,1492.450847
16.270416,150,1493.098237
11.979421,150,1493.636107
24.529682,150,1494.205415
5.308771,150,1494.826347
6.678205,150,1495.463414
-4.165592,150,1496.115162
25.908388,150,1496.730416
25.325003,150,1497.365005
28.680704,150,1497.998415
14.837163,150,1498.64829
13.674845,150,1499.322645
15.968715,150,1501.559122
19.925734,150,1502.121571
13.579516,150,1502.665865
23.429913,150,1503.232069
9.169272,150,1503.824962
15.477641,150,1504.368744
26.636928,150,1504.913637
14.618604,150,1505.537956
6.060647,150,1506.205168
20.212397,150,1506.860518
3.636962,150,1507.512718
8.457629,150,1508.186579
15.251257,150,1508.856365
17.815962,150,1509.528355
-0.254849,150,1511.69153
14.701064,150,1512.403721
18.949892,150,1512.980055
8.472534,150,1513.496083
20.490637,150,1514.003745
13.102154,150,1514.542881
5.783241,150,1515.11788
17.688384,150,1515.695781
5.856094,150,1516.344653
-5.49212,150,1516.988965
11.134975,150,1517.623806
33.370893,150,1518.314909
29.756293,150,1518.970269
19.838527,150,1521.144641
-0.063335,150,1521.748079
30.762662,150,1522.36239
26.112084,150,1523.048227
25.429336,150,1523.599919
-0.256899,150,1524.148719
15.604173,150,1524.610148
11.683904,150,1525.190293
4.926563,150,1525.740609
15.229897,150,1526.402729
37.029076,150,1527.072016
20.007255,150,1527.710953
-2.908302,150,1528.355799
16.837583,150,1529.033609
15.715335,150,1531.196879
-0.434328,150,1531.852911
15.692962,150,1532.478286
-2.719138,150,1533.12966
34.729333,150,1533.71916
6.371023,150,1534.292753
15.673325,150,1534.815106
17.707096,150,1535.287061
26.934901,150,1535.830271
31.974157,150,1536.459406
1.775667,150,1537.172173
23.027706,150,1537.852588
9.271643,150,1538.529776
12.760225,150,1539.213459
26.562453,150,1541.402858
9.151882,150,1542.064891
10.727734,150,1542.764215
25.035827,150,1543.425489
6.507133,150,1544.118001
36.795906,150,1544.642544
17.393336,150,1545.163789
21.367946,150,1545.570581
8.369417,150,1546.095449
22.403259,150,1546.648626
0.523817,150,1547.274381
8.730171,150,1547.906392
11.756755,150,1548.543967
-9.729659,150,1550.692622
16.444408,150,1551.343047
17.446858,150,1551.99525
3.510998,150,1552.606903
19.924729,150,1553.251106
30.382867,150,1553.933969
13.541108,150,1554.588279
31.768698,150,1555.199405
15.049859,150,1555.769171
9.626186,150,1556.175959
19.653327,150,1556.669168
1.513585,150,1557.256963
19.675456,150,1557.915206
11.447933,150,1558.593403
22.59952,150,1560.80658
13.311621,150,1561.440019
23.73216,150,1562.068702
14.97517,150,1562.694968
10.374648,150,1563.366712
12.747188,150,1564.011374
7.940672,150,1564.650976
4.385727,150,1565.306634
2.827094,150,1565.870986
18.489982,150,1566.417905
18.466758,150,1566.832728
20.819578,150,1567.342334
14.889624,150,1567.901442
13.021888,150,1568.540952
28.154208,150,1570.639053
18.129185,150,1571.296185
17.042926,150,1571.946966
5.358428,150,1572.599997
14.040975,150,1573.251536
24.267878,150,1573.88612
5.102457,150,1574.523829
24.217145,150,1575.183098
14.01508,150,1575.858915
7.262198,150,1576.406831
4.777803,150,1576.926128
30.530224,150,1577.333205
29.995466,150,1577.836955
10.769196,150,1579.961065
22.861877,150,1580.5556
25.134661,150,1581.199527
13.733892,150,1581.851429
7.352109,150,1582.519126
10.140044,150,1583.199208
25.811686,150,1583.853936
32.142235,150,1584.502654
4.28121,150,1585.180896
12.510623,150,1585.867108
14.700446,150,1586.493079
14.490779,150,1587.078454
15.860347,150,1587.550517
8.176976,150,1587.99165
10.633444,150,1590.099297
17.767762,150,1590.721739
25.645126,150,1591.366538
25.876845,150,1592.032086
27.317058,150,1592.691271
13.235535,150,1593.325434
17.657858,150,1593.976205
2.411763,150,1594.601246
30.736683,150,1595.305298
12.311903,150,1595.985061
18.334173,150,1596.667656
18.596828,150,1597.309537
28.325658,150,1597.834152
14.693675,150,1598.249232
14.936251,150,1600.223284
11.749783,150,1600.875893
21.464906,150,1601.540147
5.964015,150,1602.148201
17.937926,150,1602.786165
23.297729,150,1603.440635
31.000656,150,1604.039958
6.469901,150,1604.64176
3.917414,150,1605.292518
22.41184,150,1605.90527
23.527472,150,1606.522897
15.087391,150,1607.128441
33.176868,150,1607.733363
24.164567,150,1609.414373
11.047368,150,1610.066487
22.505397,150,1610.702644
7.909548,150,1611.368603
1.227902,150,1612.064308
19.074392,150,1612.700127
12.515247,150,1613.323769
24.422981,150,1613.953077
16.030876,150,1614.600436
8.332712,150,1615.300826
-17.760008,150,1615.948856
3.586112,150,1616.600885
9.659997,150,1617.327998
27.147201,150,1618.008025
8.163364,150,1619.677491
10.242105,150,1620.359817
25.39707,150,1621.020227
21.924233,150,1621.640651
15.80186,150,1622.298162
11.954243,150,1622.966006
4.263098,150,1623.574142
23.933404,150,1624.227
2.79997,150,1624.901488
16.279577,150,1625.585039
32.967344,150,1626.257851
11.259891,150,1626.976891
9.501438,150,1627.654011
5.475358,150,1629.659577
37.000567,150,1630.061337
12.982188,150,1630.691998
37.54116,150,1631.340289
34.129133,150,1631.979351
18.845913,150,1632.580107
6.343258,150,1633.210923
5.556167,150,1633.807026
19.961735,150,1634.449282
21.038186,150,1635.113571
28.482163,150,1635.728326
33.611395,150,1636.354675
22.938789,150,1637.028681
22.0309,150,1637.682183
14.201577,150,1639.665345
11.973895,150,1640.061144
7.111644,150,1640.464567
11.786809,150,1641.116412
28.522327,150,1641.763825
16.40184,150,1642.40594
10.975559,150,1643.063587
11.054531,150,1643.663436
20.893814,150,1644.326295
17.760666,150,1645.007082
17.74673,150,1645.622564
20.340251,150,1646.303675
27.422436,150,1646.9643
13.063673,150,1647.588931
11.748186,150,1649.718704
24.345102,150,1650.125707
13.940207,150,1650.534685
18.770449,150,1650.95294
-0.251098,150,1651.559833
5.408168,150,1652.232232
29.923009,150,1652.857737
17.352615,150,1653.447432
29.622028,150,1654.108077
36.010197,150,1654.756604
5.493089,150,1655.417335
8.985919,150,1656.076179
25.342234,150,1656.727698
26.963341,150,1658.986689
29.888592,150,1659.748366
3.063315,150,1660.537079
25.719502,150,1661.121552
19.681732,150,1661.61666
30.027983,150,1662.130934
29.002703,150,1662.801066
15.024237,150,1663.589746
13.43368,150,1664.322879
15.847923,150,1664.967009
21.600824,150,1665.605088
-0.136272,150,1666.308327
7.019756,150,1667.027525
35.260955,150,1667.649201
3.327667,150,1669.798121
22.324252,150,1670.473903
13.598481,150,1671.148366
13.960139,150,1671.808264
7.377818,150,1672.306156
32.790379,150,1672.751168
14.577614,150,1673.154348
14.102147,150,1673.677698
22.836987,150,1674.354402
6.403398,150,1675.036365
33.790668,150,1675.643189
35.658975,150,1676.296938
17.639422,150,1676.954224
0.703533,150,1677.634825
35.10132,150,1679.868476
23.360904,150,1680.570197
33.6871,150,1681.283049
4.230991,150,1681.995648
28.183,150,1682.640649
15.82069,150,1683.233691
3.721145,150,1683.649825
8.681317,150,1684.116004
18.174201,150,1684.711538
34.643418,150,1685.475428
22.904245,150,1686.213102
21.347576,150,1686.957255
15.50219,150,1687.646467
10.981245,150,1689.897928
11.778914,150,1690.569225
15.005008,150,1691.277781
5.044646,150,1691.987575
19.031528,150,1692.652618
16.692271,150,1693.313194
30.090043,150,1693.976174
22.517081,150,1694.534941
5.30733,150,1695.006779
10.05192,150,1695.434673
-0.422858,150,1696.036393
22.439954,150,1696.711184
1.249848,150,1697.4178
2.991659,150,1698.138241
19.83254,150,1700.350471
23.307423,150,1701.049923
19.337332,150,1701.733227
34.060553,150,1702.451204
12.108111,150,1703.177047
15.817033,150,1703.867676
-0.050067,150,1704.597025
33.227004,150,1705.26802
14.321406,150,1705.880134
10.559302,150,1706.485765
25.924324,150,1707.051697
25.59182,150,1707.71203
17.289528,150,1708.450516
18.115244,150,1709.221717
34.907101,150,1711.722286
16.87242,150,1712.538174
12.62297,150,1713.300112
15.15728,150,1714.080065
30.088503,150,1714.860382
13.644081,150,1715.651118
22.657156,150,1716.413884
32.615309,150,1717.135336
2.798857,150,1717.78639
18.543201,150,1718.372673
25.230679,150,1718.89287
32.410914,150,1719.471259
12.491581,150,1720.077879
20.322014,150,1722.294623
17.450946,150,1722.984619
2.028261,150,1723.666274
33.439632,150,1724.40003
8.041113,150,1725.121935
9.364483,150,1725.842634
37.699145,150,1726.52928
7.060917,150,1727.217715
17.81811,150,1727.996451
12.347665,150,1728.64404
20.920164,150,1729.222158
23.720865,150,1729.822741
13.594696,150,1730.408842
32.317067,150,1730.992737
9.249843,150,1733.177617
32.219419,150,1733.947909
18.705869,150,1734.684338
17.571307,150,1735.374508
21.365157,150,1736.046454
11.527418,150,1736.724894
-2.88213,150,1737.426567
36.641889,150,1738.158676
13.508893,150,1738.86674
21.977148,150,1739.583187
1.544418,150,1740.175464
33.749019,150,1740.742867
25.973078,150,1741.368563
6.936547,150,1741.9808
15.728215,150,1744.130126
16.983775,150,1744.825645
2.672376,150,1745.542573
23.644727,150,1746.25016
9.170352,150,1746.941638
19.248308,150,1747.616138
1.805506,150,1748.309137
12.298562,150,1748.96886
5.34999,150,1749.583392
10.509252,150,1750.258578
11.818538,150,1750.882883
23.163321,150,1751.459705
32.105109,150,1752.045623
8.173733,150,1754.171812
29.977691,150,1754.832011
18.462153,150,1755.511733
29.57605,150,1756.193516
14.081007,150,1756.83989
12.747403,150,1757.536674
4.650686,150,1758.192719
21.177255,150,1758.888584
13.588751,150,1759.521297
6.911758,150,1760.18719
10.824873,150,1760.862581
2.927647,150,1761.487731
16.73896,150,1762.076336
25.434505,150,1762.648149
15.230054,150,1764.836532
7.593299,150,1765.395769
15.571343,150,1766.065809
24.919026,150,1766.773318
22.625039,150,1767.495741
1.11289,150,1768.199365
29.964839,150,1768.899349
25.14937,150,1769.567789
32.027496,150,1770.219826
28.713679,150,1770.90809
17.398484,150,1771.635329
17.710815,150,1772.291541
35.918223,150,1772.855125
28.345675,150,1773.446511
10.798799,150,1775.699054
12.202496,150,1776.301631
4.581841,150,1776.906571
27.432991,150,1777.578236
17.958849,150,1778.245944
17.361836,150,1778.962312
15.084018,150,1779.653718
32.633581,150,1780.390314
34.052198,150,1781.115745
11.906066,150,1781.841898
24.301189,150,1782.580589
19.300268,150,1783.312472
20.167833,150,1783.976933
20.056384,150,1786.161302
33.949791,150,1786.836894
24.716342,150,1787.444942
16.511156,150,1788.023209
2.348834,150,1788.645696
27.635785,150,1789.390235
15.446211,150,1790.080194
37.332216,150,1790.822572
0.101667,150,1791.525003
12.452585,150,1792.194433
26.091681,150,1792.928958
14.547186,150,1793.677016
9.748431,150,1794.441198
5.541893,150,1795.117694
25.913862,150,1797.257893
13.15644,150,1797.96071
17.990699,150,1798.614739
20.35412,150,1799.205602
23.74178,150,1799.808965
14.338834,150,1800.533349
17.429186,150,1801.223059
36.551725,150,1801.910617
13.232286,150,1802.602271
24.305832,150,1803.331522
30.235406,150,1804.078005
3.016275,150,1804.814412
18.683993,150,1805.531221
19.092614,150,1806.280217
11.767951,150,1808.427735
32.706692,150,1809.151248
18.765718,150,1809.798427
2.844308,150,1810.434875
16.647835,150,1811.052403
16.799437,150,1811.768472
13.831231,150,1812.513134
11.740399,150,1813.200559
20.892059,150,1813.940653
32.090823,150,1814.680512
26.868277,150,1815.382339
27.432374,150,1816.112724
35.174971,150,1816.882427
5.266366,150,1819.159311
32.657478,150,1819.799537
18.282027,150,1820.543725
19.988988,150,1821.210169
10.774777,150,1821.792695
13.117042,150,1822.393546
31.331601,150,1823.008157
21.935582,150,1823.722792
-14.392311,150,1824.41086
19.568575,150,1825.097134
36.707906,150,1825.794948
36.553808,150,1826.519939
24.187811,150,1827.267056
19.27783,150,1827.996618
9.484926,150,1830.168542
11.796922,150,1830.771704
26.101798,150,1831.481124
17.222435,150,1832.212194
30.220243,150,1832.848796
13.189801,150,1833.425434
25.528786,150,1834.003732
27.79218,150,1834.655
3.529089,150,1835.35973
19.186366,150,1836.098099
33.48403,150,1836.764436
6.351776,150,1837.455592
13.960723,150,1838.170732
24.265543,150,1838.834525
11.511118,150,1841.023585
16.043585,150,1841.586916
15.282452,150,1842.172185
2.59887,150,1842.82022
16.236803,150,1843.505725
36.417332,150,1844.224743
26.941692,150,1844.78916
17.355738,150,1845.378777
25.600237,150,1846.039757
1.709211,150,1846.757281
10.035302,150,1847.440121
7.313243,150,1848.185936
20.601778,150,1848.863557
33.182111,150,1851.144161
14.237571,150,1851.850216
26.224224,150,1852.472736
12.459239,150,1853.064978
35.736079,150,1853.684968
5.472542,150,1854.410569
2.510587,150,1855.090639
5.816005,150,1855.771517
26.960467,150,1856.386313
4.331971,150,1857.00194
12.914189,150,1857.635022
31.764352,150,1858.336479
14.986152,150,1859.073881
0.012121,150,1859.77064
15.705252,150,1862.01548
15.058426,150,1862.740336
11.406827,150,1863.400399
22.277583,150,1863.996742
22.654171,150,1864.552266
33.259872,150,1865.223749
1.222628,150,1865.972438
22.58297,150,1866.669213
9.276291,150,1867.360726
12.940482,150,1867.954966
22.517638,150,1868.551082
12.347213,150,1869.165385
29.269401,150,1869.863728
36.230577,150,1872.187566
21.220825,150,1872.868819
15.864735,150,1873.530799
30.734431,150,1874.209763
14.301642,150,1874.782407
5.501157,150,1875.363489
12.858834,150,1875.980823
24.06372,150,1876.679413
19.093565,150,1877.41105
18.196459,150,1878.118427
38.251236,150,1878.793059
19.616242,150,1879.35709
22.856081,150,1879.952708
16.313245,150,1880.552544
21.876752,150,1882.879319
30.801455,150,1883.57086
37.854456,150,1884.266167
34.434283,150,1884.950602
9.183048,150,1885.588381
0.001063,150,1886.173844
9.307729,150,1886.769524
15.431151,150,1887.484102
37.572176,150,1888.191833
13.504075,150,1888.902035
30.702366,150,1889.597668
24.159534,150,1890.252211
11.790477,150,1890.845909
27.037689,150,1891.422141
4.899936,150,1893.610119
18.604809,150,1894.295786
19.524484,150,1895.00987
21.58254,150,1895.683878
30.423534,150,1896.366049
8.357975,150,1896.95661
17.296643,150,1897.513932
17.873276,150,1898.073392
27.282271,150,1898.780386
13.554679,150,1899.525728
11.837705,150,1900.249219
14.968984,150,1900.985252
17.743544,150,1901.616826
16.55387,150,1903.764228
7.81143,150,1904.42083
20.988975,150,1905.091156
22.421338,150,1905.761995
21.215646,150,1906.425653
8.93824,150,1907.14407
30.025532,150,1907.826603
8.696688,150,1908.409697
14.361508,150,1909.008423
13.336743,150,1909.62996
20.876389,150,1910.361027
5.17092,150,1911.117817
10.182733,150,1911.822465
8.710432,150,1912.554127
4.800448,150,1914.657267
3.671068,150,1915.340947
9.196766,150,1916.028378
28.567905,150,1916.724857
19.515034,150,1917.416375
8.581299,150,1918.125305
26.200265,150,1918.852113
19.179582,150,1919.438532
20.142312,150,1920.026217
18.284527,150,1920.608845
-0.144863,150,1921.352323
37.514382,150,1922.01773
28.369297,150,1922.725008
7.828836,150,1923.426673
17.479095,150,1925.565544
21.979681,150,1926.148736
1.491976,150,1926.831858
15.064798,150,1927.507554
23.572727,150,1928.153077
34.060503,150,1928.813726
4.850056,150,1929.485733
22.892965,150,1930.108258
13.008616,150,1930.691536
6.939039,150,1931.270115
24.113277,150,1931.948591
31.062361,150,1932.631423
29.026342,150,1933.338819
17.442861,150,1935.553079
11.95976,150,1936.160631
37.573476,150,1936.755984
25.680544,150,1937.366805
12.038044,150,1938.060708
6.761888,150,1938.752378
1.05854,150,1939.4891
27.624534,150,1940.222618
14.988667,150,1940.90339
23.805442,150,1941.521404
12.526674,150,1942.106232
9.362341,150,1942.700197
24.204048,150,1943.451795
-4.595315,150,1944.152552
13.047909,150,1946.414141
11.052663,150,1947.148647
20.302176,150,1947.764427
12.78464,150,1948.331977
11.353654,150,1948.957839
25.014459,150,1949.638118
8.841158,150,1950.337141
18.61359,150,1951.020121
15.047478,150,1951.702754
17.053373,150,1952.3647
26.443861,150,1952.949759
32.492226,150,1953.542308
27.841406,150,1954.174599
15.356175,150,1954.882862
27.509387,150,1957.150392
19.420392,150,1957.858511
18.572374,150,1958.559251
17.978211,150,1959.159898
21.925093,150,1959.78165
13.775389,150,1960.402124
20.16207,150,1961.134736
29.323973,150,1961.857577
10.909311,150,1962.620108
13.457341,150,1963.335608
0.181725,150,1963.955723
19.78023,150,1964.558436
25.8362,150,1965.196726
14.05419,150,1967.517275
10.33295,150,1968.252236
7.780586,150,1969.04754
27.386873,150,1969.839849
19.196329,150,1970.655185
9.668114,150,1971.36026
22.408718,150,1972.077413
29.961732,150,1972.826159
21.008998,150,1973.531787
21.49733,150,1974.232132
0.644908,150,1974.939422
30.348802,150,1975.572128
6.786913,150,1976.158367
20.030884,150,1976.761203
1.562038,150,1979.015247
16.002825,150,1979.718872
9.757735,150,1980.443788
12.644753,150,1981.159193
16.532741,150,1981.807577
11.017502,150,1982.514469
17.366053,150,1983.133371
19.193938,150,1983.741803
28.298636,150,1984.402199
30.626115,150,1985.119061
15.949911,150,1985.839589
34.714236,150,1986.496734
17.1165,150,1987.116855
-1.051236,150,1987.709318
10.503549,150,1989.926519
30.511396,150,1990.611265
2.826027,150,1991.269732
4.793278,150,1991.93199
26.990386,150,1992.625683
32.475976,150,1993.311734
31.155349,150,1993.966549
16.895292,150,1994.556908
22.254242,150,1995.154798
15.61937,150,1995.804953
18.781585,150,1996.508997
18.208154,150,1997.240735
9.036052,150,1997.924631
32.858305,150,2000.008262
39.160273,150,2000.692763
30.246765,150,2001.402078
14.11212,150,2002.104427
0.260034,150,2002.786448
12.390887,150,2003.442875
6.231194,150,2004.11874
4.250545,150,2004.808216
16.288201,150,2005.409636
14.946008,150,2005.988916
22.052398,150,2006.581419
28.571465,150,2007.290629
7.381122,150,2007.966286
32.379899,150,2008.642081
33.96706,150,2010.786679
23.844476,150,2011.501668
19.126873,150,2012.218413
24.594072,150,2012.928483
20.919661,150,2013.623391
15.55992,150,2014.345269
15.267703,150,2015.057352
7.984372,150,2015.804043
26.672967,150,2016.428779
16.63348,150,2017.023851
18.247136,150,2017.587694
15.68306,150,2018.270966
23.775717,150,2019.02254
22.144726,150,2019.8146
27.378494,150,2022.220299
14.236182,150,2022.973593
20.953978,150,2023.764128
29.421018,150,2024.55547
33.779189,150,2025.350243
12.242049,150,2026.145807
21.38129,150,2026.947837
23.656017,150,2027.717013
29.774913,150,2028.520641
9.99832,150,2029.156996
29.685256,150,2029.734523
25.711473,150,2030.324611
16.90327,150,2031.055274
20.410975,150,2033.263443
38.242695,150,2033.844176
6.937022,150,2034.514906
16.023689,150,2035.196737
25.233917,150,2035.929494
17.717443,150,2036.60729
6.004597,150,2037.320663
18.740034,150,2038.027108
0.360297,150,2038.727385
35.105251,150,2039.4293
21.411678,150,2040.102391
20.108051,150,2040.689309
2.186975,150,2041.361268
13.050132,150,2042.01153
12.681788,150,2044.236825
19.588113,150,2044.799182
28.347302,150,2045.414062
13.719851,150,2046.082884
34.537308,150,2046.77973
11.549082,150,2047.510559
2.148354,150,2048.230471
16.677199,150,2048.951347
16.347433,150,2049.676353
9.776207,150,2050.369098
1.217999,150,2051.059499
31.2262,150,2051.802059
22.403896,150,2052.426528
12.963634,150,2053.033969
14.510631,150,2055.257556
15.315742,150,2055.860072
25.479326,150,2056.42504
16.544737,150,2057.10403
19.854842,150,2057.773005
20.800691,150,2058.490364
30.963786,150,2059.183583
20.302534,150,2059.925438
2.649849,150,2060.612925
17.720869,150,2061.32337
36.21218,150,2061.991508
15.017314,150,2062.681775
34.345436,150,2063.338401
1.096261,150,2065.526374
17.112496,150,2066.225913
11.752173,150,2066.805472
8.781579,150,2067.3954
7.087314,150,2068.016983
27.860201,150,2068.7486
30.797424,150,2069.510226
8.371845,150,2070.225959
29.914952,150,2070.931366
12.80946,150,2071.614786
9.116352,150,2072.336747
15.163531,150,2073.049915
34.593507,150,2073.76102
10.962598,150,2074.469872
33.550392,150,2076.611685
18.840693,150,2077.307803
24.076719,150,2077.932283
5.663141,150,2078.508622
17.481918,150,2079.172782
33.786509,150,2079.872611
27.156585,150,2080.638742
22.867048,150,2081.363078
15.788929,150,2082.092062
14.200973,150,2082.813284
9.398024,150,2083.536142
19.082428,150,2084.269924
21.446061,150,2085.030942
23.116925,150,2085.73519
29.624607,150,2087.864697
15.188766,150,2088.517883
26.37888,150,2089.138735
20.100366,150,2089.741912
9.963164,150,2090.389675
11.187241,150,2091.087719
-0.227568,150,2091.767268
19.670491,150,2092.473402
6.340791,150,2093.207906
18.193615,150,2093.908062
4.173627,150,2094.593676
2.195828,150,2095.269676
5.82186,150,2095.972198
18.439989,150,2098.233101
24.77132,150,2098.838705
10.207781,150,2099.444848
12.861465,150,2099.986999
29.510628,150,2100.556646
11.080093,150,2101.14599
18.038079,150,2101.823771
13.017363,150,2102.4764
13.896595,150,2103.173534
35.772563,150,2103.872324
9.412939,150,2104.57735
-0.83654,150,2105.286675
12.688508,150,2105.965041
29.708647,150,2106.698484
13.520574,150,2108.935936
24.241036,150,2109.659556
9.641131,150,2110.314396
10.708445,150,2110.87828
26.086369,150,2111.288386
3.5855,150,2111.812726
31.685747,150,2112.428234
15.568279,150,2113.180836
7.94202,150,2113.90151
35.488361,150,2114.524801
26.567551,150,2115.204417
19.487928,150,2115.883154
14.185982,150,2116.549153
13.820925,150,2117.23341
29.720018,150,2119.489134
22.365637,150,2120.148976
31.772212,150,2120.815383
16.522029,150,2121.444264
25.123471,150,2121.987379
27.691796,150,2122.457676
22.040377,150,2122.986593
19.040254,150,2123.563894
15.496915,150,2124.272829
1.449225,150,2124.967571
27.460907,150,2125.659748
6.376812,150,2126.360967
18.114023,150,2127.110026
23.52226,150,2129.346422
12.774771,150,2130.060628
12.373981,150,2130.783165
0.597013,150,2131.524539
29.746914,150,2132.24883
10.016392,150,2132.901139
18.522642,150,2133.503593
15.065608,150,2133.957711
17.725359,150,2134.48281
12.735125,150,2135.167053
4.556252,150,2135.900837
13.600966,150,2136.608544
27.939937,150,2137.3343
17.648959,150,2138.070853
17.493167,150,2140.427317
4.273534,150,2141.126533
7.893781,150,2141.872005
21.186779,150,2142.619857
11.140188,150,2143.370835
-0.599244,150,2144.092269
8.410055,150,2144.822936
35.269191,150,2145.4397
21.376672,150,2145.908374
15.36047,150,2146.375103
38.680362,150,2146.98318
19.914475,150,2147.732677
15.82565,150,2148.481036
31.625652,150,2150.945252
6.667589,150,2151.705802
14.726625,150,2152.463081
8.06237,150,2153.203062
22.476939,150,2153.92569
34.970092,150,2154.657388
15.991179,150,2155.390121
19.308402,150,2156.142587
14.845386,150,2156.916371
21.214996,150,2157.639571
19.021371,150,2158.135077
31.51293,150,2158.59796
18.607375,150,2159.11944
15.630006,150,2159.853122
14.323208,150,2162.294629
14.751171,150,2163.050318
37.523999,150,2163.798613
29.648786,150,2164.510077
17.354501,150,2165.262294
19.049287,150,2166.027204
12.759798,150,2166.774446
15.885556,150,2167.533552
0.072828,150,2168.241954
8.468392,150,2168.951544
29.650015,150,2169.704472
10.912673,150,2170.278428
5.618695,150,2170.737942
14.921915,150,2171.220082
20.655154,150,2173.459311
16.957766,150,2174.176185
11.123913,150,2174.932205
10.163892,150,2175.656833
17.888716,150,2176.405676
34.254186,150,2177.146
13.143533,150,2177.860265
37.164024,150,2178.567852
10.098256,150,2179.318117
18.482082,150,2180.069859
12.945199,150,2180.799595
35.675508,150,2181.555385
23.135452,150,2182.2596
24.250889,150,2184.221166
12.714305,150,2184.956817
11.486055,150,2185.661005
21.865613,150,2186.394841
14.927517,150,2187.145484
29.407398,150,2187.921015
20.798831,150,2188.632164
30.903971,150,2189.368231
15.832813,150,2190.096881
10.532771,150,2190.837989
20.178375,150,2191.572079
32.327769,150,2192.283533
38.644649,150,2193.014679
0.737914,150,2193.750773
18.60552,150,2195.648101
29.786475,150,2196.286222
20.533982,150,2197.040419
28.626799,150,2197.744047
32.821562,150,2198.510407
29.266699,150,2199.252727
-0.031928,150,2200.034876
12.404104,150,2200.825892
17.55688,150,2201.543299
4.161099,150,2202.297249
25.227955,150,2203.028464
18.666306,150,2203.718731
22.229887,150,2204.436411
10.042488,150,2205.195508
17.009365,150,2207.291893
27.597225,150,2207.735701
33.569872,150,2208.29998
18.40435,150,2209.030834
8.127608,150,2209.783156
26.663129,150,2210.528853
18.230534,150,2211.279992
-2.775534,150,2212.018295
16.75807,150,2212.766064
26.349655,150,2213.495293
6.858389,150,2214.251588
23.290016,150,2215.008802
3.874366,150,2215.740416
9.931437,150,2218.139686
11.412654,150,2218.794969
19.856695,150,2219.388174
33.823153,150,2219.844643
32.528461,150,2220.377282
22.724159,150,2221.012515
17.829208,150,2221.787311
6.700784,150,2222.534145
18.709848,150,2223.286236
27.658807,150,2224.038017
12.7833,150,2224.793593
19.567358,150,2225.555207
27.751731,150,2226.310936
10.053977,150,2227.063766
16.975485,150,2229.428534
4.652734,150,2230.186294
35.790137,150,2230.901678
29.896751,150,2231.509535
3.182449,150,2232.00638
15.990329,150,2232.626084
10.615589,150,2233.302065
36.983212,150,2234.040206
5.118308,150,2234.769957
31.061741,150,2235.490455
23.661226,150,2236.241346
19.91265,150,2236.977693
27.07941,150,2237.712443
6.28278,150,2238.433741
19.126335,150,2240.78766
2.521304,150,2241.50055
15.063125,150,2242.263727
17.177509,150,2242.913254
30.723357,150,2243.569257
17.496153,150,2244.12205
3.983986,150,2244.755152
9.017511,150,2245.398556
21.316445,150,2246.129842
30.699153,150,2246.85706
34.803856,150,2247.592157
10.474126,150,2248.343173
13.441891,150,2249.110092
22.380569,150,2251.489499
3.563659,150,2252.253622
6.62894,150,2253.006867
22.124681,150,2253.735347
14.5045,150,2254.43334
30.454503,150,2255.085446
12.593411,150,2255.719328
25.058951,150,2256.362103
4.312142,150,2256.992699
22.086967,150,2257.644786
19.420197,150,2258.40907
16.065051,150,2259.166064
16.198824,150,2259.901522
33.143034,150,2260.667169
10.772008,150,2263.13368
25.066849,150,2263.893303
16.887383,150,2264.649213
17.837234,150,2265.436926
16.743138,150,2266.206207
16.806984,150,2266.853624
8.843405,150,2267.486578
14.359023,150,2268.137823
25.836659,150,2268.793776
15.591376,150,2269.448468
28.609864,150,2270.07532
30.210614,150,2270.750157
29.508925,150,2271.488832
15.030299,150,2272.225176
15.964407,150,2274.622479
15.256136,150,2275.351171
28.676837,150,2276.144713
17.103523,150,2276.957909
19.610225,150,2277.780928
1.840818,150,2278.553575
25.293968,150,2279.266134
26.059614,150,2279.978097
28.909782,150,2280.737272
12.569283,150,2281.455047
35.738769,150,2282.095228
13.44985,150,2282.729185
18.112148,150,2283.478993
8.416258,150,2285.896592
12.61956,150,2286.613611
8.381837,150,2287.370986
-13.317547,150,2288.115466
16.617437,150,2288.883189
26.45022,150,2289.604667
12.080602,150,2290.39551
31.449049,150,2291.112779
26.978981,150,2291.778455
6.93957,150,2292.408381
33.789104,150,2293.151778
20.140199,150,2293.813176
11.2659,150,2294.42956
-0.38168,150,2295.04424
38.087115,150,2297.397617
31.611632,150,2298.106863
13.024602,150,2298.879407
11.217251,150,2299.613269
32.163007,150,2300.350602
3.690584,150,2301.081969
-5.27177,150,2301.844907
10.892699,150,2302.559681
20.504566,150,2303.219655
26.610447,150,2303.852322
23.103403,150,2304.496225
18.501109,150,2305.245841
14.881913,150,2305.939689
14.370835,150,2306.568623
14.739829,150,2308.902004
35.51,150,2309.630198
31.57135,150,2310.3915
14.498776,150,2311.134459
11.822581,150,2311.865554
24.740069,150,2312.626144
13.464594,150,2313.367266
25.555083,150,2314.089167
17.93245,150,2314.825604
19.179479,150,2315.459975
9.171318,150,2316.121063
22.274772,150,2316.799602
18.839523,150,2317.497915
23.794385,150,2319.789393
29.053085,150,2320.53519
31.902068,150,2321.270644
12.105723,150,2321.997048
33.333168,150,2322.749091
24.398771,150,2323.505989
17.167525,150,2324.263052
15.819337,150,2325.009162
34.566366,150,2325.757024
14.048949,150,2326.460234
25.567233,150,2327.081402
21.753018,150,2327.680415
28.877868,150,2328.365721
13.358294,150,2329.081434
20.535887,150,2331.512478
24.859096,150,2332.222624
10.809996,150,2333.044006
10.253652,150,2333.853189
34.244506,150,2334.648106
26.383899,150,2335.49782
29.707907,150,2336.33204
17.440683,150,2337.164102
27.339417,150,2337.989244
0.942326,150,2338.78694
10.811615,150,2339.518694
9.62213,150,2340.236795
6.733408,150,2340.903171
8.68252,150,2341.651469
17.672371,150,2343.89577
3.417698,150,2344.519689
13.091221,150,2345.152724
13.72347,150,2345.930158
26.19252,150,2346.629802
11.933553,150,2347.347021
14.955942,150,2348.097712
10.562953,150,2348.882648
26.827552,150,2349.619241
10.447148,150,2350.331812
18.774585,150,2351.040253
18.324142,150,2351.648693
25.580143,150,2352.270543
12.8841,150,2354.521122
33.501064,150,2355.268021
30.662168,150,2355.923431
18.127887,150,2356.529942
12.160474,150,2357.143337
8.409386,150,2357.849653
16.241433,150,2358.553884
13.649713,150,2359.294728
30.979219,150,2360.026438
13.407727,150,2360.701789
6.102395,150,2361.437431
21.778663,150,2362.183047
30.076388,150,2362.85406
11.714217,150,2363.448928
23.263331,150,2365.706951
23.919035,150,2366.453996
21.672533,150,2367.173694
30.93828,150,2367.813356
17.263726,150,2368.419222
31.556378,150,2369.059654
0.740656,150,2369.806882
7.695291,150,2370.538076
25.340958,150,2371.285858
3.647249,150,2371.997151
12.955444,150,2372.751118
35.937818,150,2373.488706
27.382145,150,2374.240844
29.110631,150,2374.935058
19.155886,150,2377.227448
23.751859,150,2377.970895
3.62969,150,2378.717447
7.805767,150,2379.437035
18.103255,150,2380.068029
27.12643,150,2380.676847
24.106233,150,2381.363555
30.919337,150,2382.079829
10.422259,150,2382.779422
26.200737,150,2383.537903
17.558165,150,2384.286838
13.979824,150,2385.007822
24.766822,150,2385.724554
3.495491,150,2388.010051
16.242967,150,2388.717224
19.212527,150,2389.459058
34.109204,150,2390.195971
16.245775,150,2390.956408
28.174979,150,2391.659943
5.993796,150,2392.314344
19.292459,150,2392.955704
8.929052,150,2393.671013
9.614757,150,2394.400215
15.578073,150,2395.146603
13.209878,150,2395.886018
12.999989,150,2396.630878
25.480574,150,2397.356986
1.83513,150,2399.566334
11.470748,150,2400.219561
19.591632,150,2400.937273
9.755796,150,2401.659684
7.030075,150,2402.395238
15.69176,150,2403.1736
17.719532,150,2403.868894
13.982028,150,2404.490038
28.818832,150,2405.12979
35.746503,150,2405.862027
32.374384,150,2406.593413
18.676193,150,2407.323504
15.301597,150,2408.090187
11.423834,150,2408.841298
23.749771,150,2411.083127
12.6777,150,2411.736088
11.479615,150,2412.423972
26.53239,150,2413.165153
10.410655,150,2413.860843
2.927005,150,2414.593192
4.580112,150,2415.357456
11.544861,150,2416.038363
15.008173,150,2416.667916
37.2998,150,2417.29453
18.572721,150,2418.019869
9.31363,150,2418.738747
17.150401,150,2419.4986
27.468453,150,2421.863173
23.282525,150,2422.534312
11.962587,150,2423.16291
5.228002,150,2423.778085
20.584708,150,2424.502032
12.162376,150,2425.257776
11.560658,150,2425.976141
14.004813,150,2426.708321
24.56495,150,2427.464717
10.381567,150,2428.140068
20.882586,150,2428.73762
20.011844,150,2429.35387
18.419685,150,2430.023764
29.833747,150,2430.737915
14.115439,150,2433.090228
32.881052,150,2433.802129
5.118526,150,2434.431824
10.367275,150,2435.058897
35.532513,150,2435.655273
4.644224,150,2436.419592
8.168888,150,2437.172319
28.161342,150,2437.908114
18.911535,150,2438.642704
2.677805,150,2439.396088
25.812418,150,2440.093653
8.132505,150,2440.728482
9.10792,150,2441.379178
24.891831,150,2443.695757
30.255479,150,2444.425152
23.226079,150,2445.185246
21.596819,150,2445.915762
32.149898,150,2446.544544
20.312584,150,2447.171896
35.8655,150,2447.84843
7.799934,150,2448.609286
27.579449,150,2449.322573
14.446918,150,2450.051604
21.798762,150,2450.798588
31.526088,150,2451.561821
32.272905,150,2452.31088
25.132101,150,2452.948641
3.450764,150,2455.269585
30.821922,150,2456.000294
0.771012,150,2456.743515
24.213144,150,2457.491564
33.340832,150,2458.151974
16.732541,150,2458.779019
38.634633,150,2459.412611
34.734648,150,2460.138337
20.871116,150,2460.883171
2.126877,150,2461.660487
1.314617,150,2462.423903
30.325076,150,2463.16427
10.860767,150,2463.903357
16.724924,150,2464.603335
23.377192,150,2466.84521
19.014686,150,2467.591835
12.471587,150,2468.387768
15.682678,150,2469.123155
31.481212,150,2469.824493
14.833098,150,2470.424369
27.307241,150,2471.060929
3.106354,150,2471.794823
22.916618,150,2472.528354
5.668476,150,2473.295305
24.166821,150,2474.040599
25.921442,150,2474.766746
28.674076,150,2475.458989
6.999865,150,2477.741369
2.841956,150,2478.361151
1.139145,150,2479.074446
20.960972,150,2479.798826
32.014457,150,2480.532402
34.951721,150,2481.229711
30.587748,150,2481.863371
13.750551,150,2482.491884
34.430561,150,2483.176473
21.277055,150,2483.961253
11.416136,150,2484.664007
27.952845,150,2485.395555
4.7698,150,2486.145531
35.470499,150,2486.869417
35.286866,150,2489.160701
22.705349,150,2489.794045
14.778695,150,2490.41401
16.731427,150,2491.163375
9.642909,150,2491.885077
22.02158,150,2492.617376
18.637888,150,2493.266937
20.659734,150,2493.935292
30.74677,150,2494.576664
11.828024,150,2495.328094
26.049242,150,2496.07973
21.787729,150,2496.815486
26.544324,150,2497.560166
2.671487,150,2498.306903
16.272238,150,2500.68942
17.642666,150,2501.42344
12.850939,150,2502.051847
21.126108,150,2502.705958
12.711486,150,2503.416996
33.9207,150,2504.120421
16.557841,150,2504.843307
19.403775,150,2505.486431
15.206772,150,2506.114672
13.223024,150,2506.752407
8.307049,150,2507.482244
0.493694,150,2508.22604
8.074117,150,2508.931549
7.552809,150,2511.311306
21.133148,150,2512.059658
25.071153,150,2512.867527
19.681764,150,2513.592013
33.155594,150,2514.252574
9.694215,150,2514.884611
32.557147,150,2515.611213
10.995977,150,2516.34427
28.191538,150,2517.056163
22.448401,150,2517.672121
9.418934,150,2518.294718
36.399414,150,2518.99756
27.849118,150,2519.745891
14.772083,150,2520.475183
2.360534,150,2522.800947
7.947514,150,2523.521265
22.814429,150,2524.253612
10.875364,150,2524.96816
31.070117,150,2525.678485
17.124778,150,2526.352738
21.448986,150,2526.989517
16.038025,150,2527.599814
11.930216,150,2528.326095
8.179002,150,2529.016321
38.109929,150,2529.649529
14.572317,150,2530.295702
5.215785,150,2531.018029
8.592035,150,2531.791578
23.422244,150,2534.201063
9.277891,150,2534.942736
14.553139,150,2535.665374
4.878868,150,2536.409914
23.629342,150,2537.150267
21.67125,150,2537.876077
16.411901,150,2538.597766
6.505373,150,2539.230407
30.220242,150,2539.865593
10.808553,150,2540.619417
33.410616,150,2541.20598
10.686447,150,2541.857307
14.709401,150,2542.514491
-0.182136,150,2544.889623
28.598426,150,2545.604778
8.983133,150,2546.319728
12.130121,150,2547.045815
26.553531,150,2547.764499
11.470271,150,2548.50051
20.83124,150,2549.262346
15.099486,150,2549.990683
12.622848,150,2550.694957
5.175648,150,2551.317006
21.551314,150,2551.961355
27.128703,150,2552.653147
23.796774,150,2553.292437
32.714136,150,2553.931827
29.325892,150,2556.310968
9.204631,150,2557.080983
20.415668,150,2557.829453
21.831127,150,2558.55001
6.400512,150,2559.304209
24.503628,150,2560.062681
28.514776,150,2560.79175
19.892212,150,2561.552265
13.986659,150,2562.344063
19.182096,150,2562.996097
7.1692,150,2563.629522
16.13675,150,2564.278258
25.035085,150,2564.94721
38.079717,150,2565.546929
26.719896,150,2567.890946
7.647461,150,2568.592106
28.203499,150,2569.32471
11.31681,150,2570.066058
36.309885,150,2570.793739
2.835442,150,2571.553603
16.892837,150,2572.344131
20.838023,150,2573.114186
8.409828,150,2573.883779
0.157221,150,2574.64454
30.083677,150,2575.290553
14.538296,150,2575.943104
10.894355,150,2576.602921
19.67878,150,2578.802684
36.36497,150,2579.556106
21.3401,150,2580.296385
23.856741,150,2581.060006
19.461686,150,2581.790372
15.384798,150,2582.557178
32.190041,150,2583.323089
7.069903,150,2584.103796
26.527744,150,2584.922566
29.467028,150,2585.72583
33.771968,150,2586.564463
29.398142,150,2587.372169
18.641334,150,2588.092744
29.115219,150,2588.81123
12.935501,150,2591.128709
25.514242,150,2591.875389
11.055163,150,2592.67262
19.923842,150,2593.422473
13.169006,150,2594.148311
27.036753,150,2594.925656
18.094746,150,2595.679218
9.607244,150,2596.409102
17.962342,150,2597.169538
13.803794,150,2597.934228
24.973676,150,2598.713898
27.35258,150,2599.423047
16.066313,150,2600.043362
13.793279,150,2600.654138
20.271304,150,2602.817039
9.365781,150,2603.540538
13.984452,150,2604.298617
12.813552,150,2605.073518
21.798999,150,2605.834892
30.049485,150,2606.566251
2.823975,150,2607.296111
19.910804,150,2608.058839
14.869085,150,2608.812018
12.409671,150,2609.551021
29.052989,150,2610.290906
11.582474,150,2611.041188
27.467771,150,2611.679581
37.002092,150,2613.922055
13.402117,150,2614.565961
19.572202,150,2615.291953
2.397904,150,2616.070367
19.197772,150,2616.776307
21.137798,150,2617.531804
16.122669,150,2618.263916
-0.527205,150,2618.99281
32.899347,150,2619.690848
34.161221,150,2620.445007
11.039862,150,2621.151501
18.241067,150,2621.880507
12.290719,150,2622.588505
25.989948,150,2623.320117
32.261785,150,2625.455893
6.160102,150,2626.085466
0.288259,150,2626.754221
12.229558,150,2627.509453
25.654011,150,2628.270684
10.109668,150,2629.004816
34.60505,150,2629.751717
3.564909,150,2630.493643
19.330302,150,2631.217141
19.21693,150,2631.951935
1.532777,150,2632.681455
32.815445,150,2633.417785
28.101685,150,2634.155879
9.612458,150,2634.852817
31.29778,150,2636.969459
3.131021,150,2637.540988
27.101962,150,2638.169377
25.627432,150,2638.880182
6.509577,150,2639.608665
23.285331,150,2640.346067
9.373804,150,2641.106124
21.712046,150,2641.864574
13.774159,150,2642.647038
15.524802,150,2643.420623
16.781964,150,2644.258872
5.180761,150,2645.077008
8.815822,150,2645.864736
16.867562,150,2648.505161
12.147469,150,2649.206489
33.139662,150,2649.750346
22.950918,150,2650.308078
19.597219,150,2651.016382
12.268461,150,2651.835456
21.38896,150,2652.621374
23.288779,150,2653.392407
8.63214,150,2654.13042
15.932476,150,2654.844473
19.306872,150,2655.574133
28.457945,150,2656.312652
4.916935,150,2657.063379
6.827751,150,2657.779513
14.085071,150,2660.157095
4.287173,150,2660.861495
14.457474,150,2661.534096
34.38185,150,2662.019611
3.585771,150,2662.500311
20.116125,150,2663.076604
16.454325,150,2663.817751
34.876229,150,2664.497148
10.578702,150,2665.251797
21.003757,150,2665.995185
13.463046,150,2666.713316
28.675951,150,2667.48049
31.302336,150,2668.224314
31.228805,150,2668.976588
10.39763,150,2671.332178
17.341433,150,2672.080326
20.578508,150,2672.80053
34.115387,150,2673.507303
10.144232,150,2674.043368
7.502266,150,2674.511364
26.431762,150,2674.996204
26.507635,150,2675.664206
19.118615,150,2676.435376
27.17515,150,2677.141042
25.220731,150,2677.895596
30.441246,150,2678.664924
25.668118,150,2679.392256
30.947519,150,2681.775412
13.771947,150,2682.512157
29.434528,150,2683.250805
26.13472,150,2683.979415
30.115682,150,2684.709898
12.987879,150,2685.433957
31.839259,150,2686.044921
15.427737,150,2686.513759
13.80667,150,2686.990618
36.669857,150,2687.493579
3.008519,150,2688.238093
11.391252,150,2688.968181
22.094327,150,2689.706361
14.511463,150,2690.450012
38.587259,150,2692.810307
32.302125,150,2693.534375
13.972937,150,2694.272053
24.307992,150,2695.020811
0.686822,150,2695.756924
24.027636,150,2696.446419
-0.994113,150,2697.163167
33.659995,150,2697.879979
15.160227,150,2698.428093
18.768095,150,2698.880902
26.027008,150,2699.33625
19.31563,150,2699.8945
26.098595,150,2700.61061
23.551061,150,2702.996572
33.567787,150,2703.734381
5.46581,150,2704.466673
7.032596,150,2705.23336
30.411987,150,2705.962473
6.746946,150,2706.700907
6.17202,150,2707.445603
10.538342,150,2708.208313
21.621072,150,2708.997345
26.967077,150,2709.708126
22.291004,150,2710.395892
6.033957,150,2710.875959
3.914714,150,2711.344827
19.161074,150,2711.835068
12.931779,150,2714.217481
37.820479,150,2714.955804
29.26493,150,2715.702035
10.973277,150,2716.487536
16.812438,150,2717.201174
13.567786,150,2717.951159
29.016571,150,2718.727446
-0.269019,150,2719.492192
28.248439,150,2720.23093
2.518071,150,2720.987457
29.291742,150,2721.709246
12.89925,150,2722.417567
15.778968,150,2722.911118
28.068797,150,2723.361071
25.111589,150,2725.498772
19.248846,150,2726.225579
17.519774,150,2726.938135
9.874955,150,2727.654727
16.506994,150,2728.367194
7.989759,150,2729.097984
26.431782,150,2729.816471
5.728184,150,2730.527388
27.116046,150,2731.240563
15.411249,150,2731.978853
12.010569,150,2732.719787
3.925453,150,2733.447144
11.24452,150,2734.161519
5.360953,150,2736.143157
12.927688,150,2736.796807
7.497651,150,2737.483963
17.091531,150,2738.213026
21.378403,150,2738.919285
13.580614,150,2739.639022
13.726557,150,2740.382518
29.231812,150,2741.110515
0.369499,150,2741.847422
36.956365,150,2742.554914
26.254496,150,2743.34366
20.280409,150,2744.101005
11.720402,150,2744.78737
3.278575,150,2745.491201
3.208344,150,2747.611452
19.734229,150,2748.229013
14.22975,150,2748.941012
22.934861,150,2749.680128
18.344014,150,2750.393767
25.274238,150,2751.101142
10.682984,150,2751.807106
38.197637,150,2752.542187
7.935247,150,2753.251566
22.611168,150,2753.987595
24.435029,150,2754.709561
31.732806,150,2755.45065
3.60278,150,2756.20573
27.035247,150,2756.964097
15.749443,150,2759.225496
-0.947053,150,2759.669311
14.654083,150,2760.308429
16.965103,150,2760.958552
11.168149,150,2761.700452
19.041478,150,2762.42953
10.416345,150,2763.140707
20.101935,150,2763.890725
4.909149,150,2764.603318
0.647703,150,2765.323983
16.490458,150,2766.060103
17.825912,150,2766.803154
6.893188,150,2767.53039
21.218141,150,2769.881372
13.958695,150,2770.479036
21.707527,150,2771.074129
39.317763,150,2771.612072
7.398963,150,2772.194459
5.804483,150,2772.825762
16.637381,150,2773.502935
16.01919,150,2774.227969
32.717132,150,2774.959821
30.830828,150,2775.667236
17.798532,150,2776.385825
-2.28081,150,2777.13719
21.390576,150,2777.847814
-0.5425,150,2778.566471
21.579801,150,2780.929768
6.151827,150,2781.646883
14.148793,150,2782.34326
13.578165,150,2782.972609
3.64341,150,2783.65802
10.159044,150,2784.299158
15.939738,150,2784.925319
14.005191,150,2785.574764
28.532472,150,2786.297056
24.676589,150,2787.015438
9.691924,150,2787.715782
11.183386,150,2788.427912
25.860106,150,2789.16732
33.967263,150,2789.902423
3.352441,150,2792.332553
18.806232,150,2793.033326
20.001498,150,2793.740188
35.47731,150,2794.369123
17.074115,150,2794.983243
36.089177,150,2795.634077
27.290943,150,2796.2852
6.115807,150,2796.904274
12.023522,150,2797.519123
19.949757,150,2798.27035
20.617305,150,2799.015584
15.349488,150,2799.743288
13.861069,150,2800.490144
15.536049,150,2802.922575
9.397905,150,2803.657074
27.583459,150,2804.421594
34.61623,150,2805.170768
30.540067,150,2805.843511
23.439225,150,2806.442586
36.487479,150,2807.045372
28.519969,150,2807.713138
8.351615,150,2808.389663
29.525814,150,2809.00964
19.713297,150,2809.601058
14.713801,150,2810.299615
9.558112,150,2811.013432
27.153378,150,2811.766779
25.070762,150,2814.132987
0.29794,150,2814.878248
18.691658,150,2815.606877
13.532689,150,2816.345631
6.593706,150,2817.065151
16.871732,150,2817.738564
10.831682,150,2818.365305
26.277782,150,2819.001071
24.27179,150,2819.737764
22.680089,150,2820.427912
22.228694,150,2821.062797
19.897213,150,2821.729534
30.038489,150,2822.454016
14.677302,150,2823.174222
12.821717,150,2825.538131
16.826643,150,2826.269661
21.834003,150,2827.021451
22.544987,150,2827.740048
19.696313,150,2828.435816
13.411393,150,2829.173652
13.029152,150,2829.776285
23.027412,150,2830.408977
9.026719,150,2831.06243
12.211928,150,2831.818501
23.696613,150,2832.558897
34.101771,150,2833.181381
22.357611,150,2833.824008
11.093218,150,2836.239199
0.412699,150,2836.95332
23.110089,150,2837.703306
16.05385,150,2838.458008
22.122457,150,2839.173624
1.022551,150,2839.873625
8.383146,150,2840.596778
16.86047,150,2841.286086
20.058999,150,2841.902871
21.571464,150,2842.551748
24.677057,150,2843.223528
36.274653,150,2843.982625
20.793008,150,2844.707393
12.929378,150,2845.335763
37.514479,150,2847.589996
11.522215,150,2848.309461
1.238769,150,2849.041483
19.861026,150,2849.768125
29.487686,150,2850.512172
14.535749,150,2851.286472
31.847417,150,2852.038947
9.187545,150,2852.733723
33.104211,150,2853.361256
21.079302,150,2853.956499
20.161944,150,2854.588734
17.23055,150,2855.362152
2.377276,150,2856.108801
27.434753,150,2856.829486
11.744873,150,2859.098351
10.890128,150,2859.844289
2.354285,150,2860.606308
12.329261,150,2861.371374
19.564231,150,2862.110079
3.815635,150,2862.845911
34.228135,150,2863.584649
16.975806,150,2864.346272
10.122205,150,2864.991285
16.927548,150,2865.60324
7.48503,150,2866.26889
19.779474,150,2867.007445
15.125015,150,2867.745554
4.690698,150,2870.067966
13.49459,150,2870.687161
14.898155,150,2871.401712
20.284327,150,2872.151238
19.639139,150,2872.909711
8.650349,150,2873.634278
25.111944,150,2874.355184
18.420895,150,2875.143534
17.758208,150,2875.871949
22.481977,150,2876.574741
32.47377,150,2877.194639
24.056522,150,2877.823896
7.821523,150,2878.576602
1.867135,150,2879.315999
21.496987,150,2881.71125
1.334017,150,2882.35135
5.925424,150,2882.984657
20.895259,150,2883.691349
34.008405,150,2884.471712
30.675678,150,2885.204444
27.852062,150,2885.943588
27.012696,150,2886.723989
8.831572,150,2887.441682
12.542686,150,2888.21356
8.561969,150,2888.887798
18.294844,150,2889.52512
35.258096,150,2890.166167
16.348007,150,2890.93468
23.755248,150,2893.497173
19.36379,150,2894.308751
10.473478,150,2895.010155
12.968515,150,2895.702378
9.142088,150,2896.488569
19.101413,150,2897.292504
19.233743,150,2898.071218
30.262395,150,2898.788895
17.050741,150,2899.494391
7.331684,150,2900.221723
5.427723,150,2900.9647
14.524884,150,2901.563209
21.02183,150,2902.200177
7.889573,150,2904.487104
12.402122,150,2905.167706
17.758509,150,2905.898941
38.018799,150,2906.655885
4.275717,150,2907.357157
16.045346,150,2908.015617
28.823558,150,2908.645078
19.246597,150,2909.381937
22.496774,150,2910.107715
28.893115,150,2910.856194
33.438801,150,2911.592003
18.688723,150,2912.339212
23.052743,150,2913.054519
13.408262,150,2913.683879
16.038057,150,2916.036374
31.241296,150,2916.768399
34.745786,150,2917.49255
26.229293,150,2918.256626
2.098737,150,2919.015516
-1.169499,150,2919.684139
31.436012,150,2920.345932
30.396182,150,2921.04187
19.137019,150,2921.823751
13.790454,150,2922.577847
14.701854,150,2923.308371
17.009881,150,2924.068416
23.670762,150,2924.764005
31.164453,150,2925.452723
5.368253,150,2927.734553
5.118432,150,2928.462506
0.986811,150,2929.201346
16.20159,150,2929.898895
18.513419,150,2930.605126
18.209747,150,2931.29685
13.437539,150,2931.925623
6.694884,150,2932.560769
5.003258,150,2933.224712
4.964266,150,2933.979264
19.742447,150,2934.746792
25.91135,150,2935.482942
2.00903,150,2936.176206
24.193039,150,2938.415704
3.888916,150,2939.143993
8.034047,150,2939.934471
29.801165,150,2940.613052
32.367371,150,2941.410143
15.147806,150,2942.1499
34.49011,150,2942.858466
3.812102,150,2943.505815
18.290578,150,2944.141735
17.391951,150,2944.77613
3.867105,150,2945.49197
17.571736,150,2946.28871
33.482097,150,2947.028351
10.208646,150,2947.770127
6.797208,150,2950.071727
35.311729,150,2950.784847
12.417083,150,2951.553169
8.38259,150,2952.309176
8.135081,150,2953.082044
35.964772,150,2953.859382
31.817109,150,2954.634296
0.429298,150,2955.423907
32.872036,150,2956.156117
6.609091,150,2956.863269
18.609109,150,2957.689987
22.124019,150,2958.534031
7.82157,150,2959.386226
20.708621,150,2960.224228
28.091111,150,2962.704049
0.866659,150,2963.436052
16.297543,150,2964.265094
27.54477,150,2965.050882
18.750819,150,2965.825347
36.872419,150,2966.602078
11.890031,150,2967.345937
38.138355,150,2968.078638
19.561255,150,2968.75932
12.848767,150,2969.398165
9.30796,150,2970.066792
22.102562,150,2970.854294
21.212238,150,2971.600532
24.854744,150,2974.006377
16.707357,150,2974.609142
8.177043,150,2975.235767
7.315985,150,2975.934233
15.521575,150,2976.667465
15.2433,150,2977.426428
9.398948,150,2978.153601
32.648062,150,2978.888114
23.202981,150,2979.6414
31.8808,150,2980.364276
31.244233,150,2980.996494
-0.847757,150,2981.636219
21.409014,150,2982.331015
20.879413,150,2983.129624
36.897923,150,2985.607086
21.287206,150,2986.277446
21.045182,150,2986.935807
36.254521,150,2987.648924
28.11988,150,2988.439738
26.442657,150,2989.218534
11.821672,150,2990.03095
19.499589,150,2990.780021
14.897558,150,2991.547347
2.557096,150,2992.35617
5.137124,150,2993.070805
19.566297,150,2993.713331
12.935255,150,2994.34781
22.033937,150,2996.761652
22.492198,150,2997.469635
15.611179,150,2998.13553
13.737008,150,2998.778675
26.178973,150,2999.466597
31.707148,150,3000.195738
6.304463,150,3000.95915
11.853059,150,3001.683011
16.629935,150,3002.413186
23.688737,150,3003.18435
20.297758,150,3003.982
7.914577,150,3004.747893
7.068396,150,3005.420179
12.233596,150,3006.071231
0.475343,150,3008.376585
22.494467,150,3009.102763
5.272216,150,3009.835593
14.816923,150,3010.449636
25.837662,150,3011.090869
9.222448,150,3011.828542
32.709597,150,3012.603189
21.701324,150,3013.367708
4.528291,150,3014.095924
29.336209,150,3014.897015
28.442936,150,3015.689078
11.176873,150,3016.449585
16.320682,150,3017.178556
22.244247,150,3017.801476
18.978451,150,3020.195114
23.721789,150,3020.977208
28.614324,150,3021.7168
10.771854,150,3022.394861
26.725671,150,3023.043929
29.010403,150,3023.77007
31.279831,150,3024.518668
14.643113,150,3025.303976
5.071848,150,3026.078458
15.743232,150,3026.842913
22.521059,150,3027.605033
9.522234,150,3028.320248
31.842756,150,3029.066699
8.332605,150,3031.325523
20.573449,150,3032.05775
5.614558,150,3032.799271
25.57267,150,3033.447517
21.717956,150,3034.093096
18.03787,150,3034.729756
36.073782,150,3035.499304
20.890367,150,3036.280163
35.720511,150,3037.047329
9.704622,150,3037.777032
19.622097,150,3038.51856
18.944474,150,3039.263696
-1.342587,150,3040.002213
9.299338,150,3040.754869
25.776673,150,3043.07405
14.054889,150,3043.684645
20.628161,150,3044.419836
12.751455,150,3045.147537
15.385842,150,3045.789774
15.847895,150,3046.42385
24.070227,150,3047.136856
20.247961,150,3047.873818
6.487517,150,3048.607043
16.991227,150,3049.31719
31.55426,150,3050.058104
18.343259,150,3050.768303
25.871736,150,3051.475403
0.633361,150,3052.22256
17.109404,150,3054.536926
33.980896,150,3055.15044
5.260211,150,3055.776065
30.673084,150,3056.51885
7.615155,150,3057.260657
22.779252,150,3057.871596
32.641129,150,3058.472752
28.524407,150,3059.175948
3.763103,150,3059.933852
8.643843,150,3060.647332
19.173786,150,3061.372544
16.376466,150,3062.121182
17.834436,150,3062.890771
4.02113,150,3065.305186
22.298804,150,3066.019079
36.771823,150,3066.68533
22.391614,150,3067.320124
16.517863,150,3067.975683
14.104311,150,3068.660801
11.523544,150,3069.281401
10.460373,150,3069.912739
18.297145,150,3070.545509
32.056907,150,3071.287389
19.517152,150,3072.026694
17.9507,150,3072.742556
12.67248,150,3073.450472
32.819901,150,3074.205305
33.595661,150,3076.568027
18.498731,150,3077.283868
17.998941,150,3078.015429
12.142031,150,3078.712485
22.361474,150,3079.348423
12.615665,150,3079.976817
5.929315,150,3080.659426
34.066609,150,3081.300074
23.812728,150,3081.956612
22.817033,150,3082.587296
9.022807,150,3083.301528
11.566983,150,3083.995533
3.621442,150,3084.713761
17.274503,150,3085.418728
28.143473,150,3087.758355
13.74309,150,3088.464113
15.702182,150,3089.180389
16.08778,150,3089.908276
13.147578,150,3090.669554
8.939106,150,3091.310949
14.888193,150,3091.968135
10.892712,150,3092.616886
15.453082,150,3093.244822
11.342203,150,3093.879551
33.731452,150,3094.5711
25.919629,150,3095.303359
2.111255,150,3096.06959
20.325877,150,3098.475611
12.571691,150,3099.201657
9.864489,150,3099.908064
9.824872,150,3100.651783
11.963737,150,3101.417135
5.522961,150,3102.134398
12.303258,150,3102.818888
31.109661,150,3103.452442
33.865617,150,3104.068829
23.974543,150,3104.676547
28.075024,150,3105.299401
21.495246,150,3105.915929
21.502813,150,3106.607531
37.796043,150,3107.311954
12.775745,150,3109.634176
7.985345,150,3110.336892
21.313958,150,3111.07102
22.724003,150,3111.78183
11.700013,150,3112.535941
30.132012,150,3113.280667
2.219409,150,3114.009059
31.100261,150,3114.755391
20.838302,150,3115.414366
24.172502,150,3116.071543
16.719912,150,3116.607434
24.754778,150,3117.190958
38.108945,150,3117.834509
16.151474,150,3118.567904
27.443556,150,3120.972811
19.754365,150,3121.685839
22.976112,150,3122.410174
17.215405,150,3123.132098
14.239086,150,3123.828043
35.908487,150,3124.55643
22.069554,150,3125.28714
10.519234,150,3126.025345
12.91404,150,3126.766252
12.1576,150,3127.476584
13.362261,150,3128.084033
2.490008,150,3128.637612
25.466257,150,3129.221511
26.708934,150,3131.540089
27.006619,150,3132.277166
5.550227,150,3133.033494
22.860648,150,3133.793819
21.424691,150,3134.5149
16.145488,150,3135.294353
36.811658,150,3136.021457
31.366193,150,3136.730345
20.470174,150,3137.449701
20.622966,150,3138.18513
12.342778,150,3138.91931
10.292672,150,3139.606936
12.226204,150,3140.27578
17.170133,150,3140.927552
12.070753,150,3143.156066
23.384527,150,3143.855893
27.987155,150,3144.570998
24.837026,150,3145.32723
17.562781,150,3146.027479
14.621557,150,3146.7891
17.586697,150,3147.533232
19.659175,150,3148.303703
30.364304,150,3149.064388
27.692106,150,3149.820305
16.139658,150,3150.545243
16.372588,150,3151.273817
22.692,150,3151.883059
37.031245,150,3152.511285
14.084837,150,3154.742598
10.632869,150,3155.488994
29.912158,150,3156.209763
9.537258,150,3156.9353
28.028283,150,3157.651648
7.196276,150,3158.385329
28.325459,150,3159.104544
15.979437,150,3159.846755
7.593318,150,3160.597724
12.209848,150,3161.371923
13.92827,150,3162.09488
18.80469,150,3162.879592
15.109705,150,3163.609713
25.63113,150,3165.821163
13.960961,150,3166.452134
4.942786,150,3167.075714
22.874006,150,3167.746887
21.639249,150,3168.480742
15.232442,150,3169.230229
15.854708,150,3169.952878
17.540892,150,3170.696033
20.695196,150,3171.455897
11.901146,150,3172.177104
22.634384,150,3172.904646
3.644091,150,3173.637912
22.252832,150,3174.412688
17.26183,150,3175.155367
29.672557,150,3177.420477
8.717544,150,3178.075194
16.101607,150,3178.697755
12.839388,150,3179.320339
35.852643,150,3180.091904
25.337554,150,3180.846808
34.357457,150,3181.573236
8.868538,150,3182.332917
12.307657,150,3183.075501
12.43322,150,3183.820046
26.306436,150,3184.608367
11.769839,150,3185.366888
25.193986,150,3186.111897
19.722802,150,3186.862512
15.875186,150,3189.132154
25.503295,150,3189.782391
3.521321,150,3190.371433
28.625232,150,3191.012312
10.668037,150,3191.657156
32.861979,150,3192.450998
7.858613,150,3193.194735
28.825762,150,3193.940557
10.687258,150,3194.700622
8.926674,150,3195.434938
11.66321,150,3196.214707
11.019744,150,3196.944074
32.419821,150,3197.69517
31.622655,150,3200.10843
11.76456,150,3200.890327
5.621965,150,3201.620791
14.967704,150,3202.28253
19.910554,150,3202.819204
15.072505,150,3203.50334
-5.721071,150,3204.266354
17.266154,150,3205.107199
-11.486091,150,3205.918529
35.25433,150,3206.686761
17.293157,150,3207.408091
17.944718,150,3208.172124
28.567094,150,3208.925353
9.99471,150,3209.702053
8.661981,150,3212.141437
17.701061,150,3212.874733
19.261693,150,3213.587204
15.128835,150,3214.316605
17.887244,150,3214.889092
23.222792,150,3215.366221
11.987098,150,3215.846171
21.744535,150,3216.505408
11.765514,150,3217.218578
10.659365,150,3217.948651
7.675305,150,3218.679564
19.88688,150,3219.41826
12.67734,150,3220.16658
36.96012,150,3220.888222
10.739954,150,3223.317641
19.360223,150,3224.028215
2.75414,150,3224.773039
32.276606,150,3225.574461
27.829363,150,3226.310658
38.389768,150,3227.001967
14.395642,150,3227.495072
23.608706,150,3228.004715
2.825161,150,3228.491618
4.820251,150,3229.274115
30.105914,150,3230.027548
9.439884,150,3230.746469
18.82708,150,3231.497674
16.440292,150,3233.903405
19.785761,150,3234.639379
37.469596,150,3235.375745
17.494454,150,3236.118335
14.538016,150,3236.811515
12.181685,150,3237.529735
16.712742,150,3238.248269
23.405427,150,3239.002538
15.879073,150,3239.60038
20.424021,150,3240.077123
33.393752,150,3240.527252
8.965794,150,3241.10469
18.354526,150,3241.846201
0.991418,150,3242.624067
16.486272,150,3245.051574
21.432925,150,3245.800795
14.219705,150,3246.533442
19.961248,150,3247.295681
5.166065,150,3248.026783
9.501765,150,3248.761677
5.778245,150,3249.488757
31.632137,150,3250.254199
30.785482,150,3251.026688
25.734946,150,3251.664462
17.707341,150,3252.267578
22.048618,150,3252.733514
6.232557,150,3253.354919
5.36443,150,3254.044256
13.839731,150,3256.368687
17.662146,150,3257.106659
11.318743,150,3257.846965
8.961072,150,3258.554328
19.171414,150,3259.338783
14.029753,150,3260.091225
10.887455,150,3260.80636
32.508433,150,3261.53725
30.901601,150,3262.285089
23.263503,150,3263.030904
13.622395,150,3263.656438
24.936886,150,3264.271683
25.839503,150,3264.805645
21.596338,150,3267.130257
38.273263,150,3267.926551
20.856992,150,3268.732919
27.015783,150,3269.552029
18.88792,150,3270.368999
27.707427,150,3271.197555
19.881674,150,3272.022211
2.301447,150,3272.829634
22.382047,150,3273.632249
17.426339,150,3274.462499
27.557045,150,3275.285076
17.880055,150,3276.092166
16.362404,150,3276.825735
14.492442,150,3277.459157
19.321283,150,3279.674296
20.060336,150,3280.428473
33.137598,150,3281.183924
12.193786,150,3281.884643
18.488486,150,3282.620253
28.224051,150,3283.348141
13.580111,150,3284.092314
21.469974,150,3284.84916
27.995863,150,3285.607877
32.616494,150,3286.377008
14.057862,150,3287.102865
27.550369,150,3287.857289
9.114508,150,3288.478369
21.172819,150,3290.702826
21.383776,150,3291.299842
0.479792,150,3292.012137
37.086511,150,3292.750142
16.501498,150,3293.47498
8.960347,150,3294.210997
36.139187,150,3294.959062
16.274462,150,3295.668487
34.939909,150,3296.401063
17.147354,150,3297.141546
14.572777,150,3297.884352
21.360796,150,3298.62251
20.793834,150,3299.371009
20.731133,150,3300.063168
20.394723,150,3302.230338
39.422227,150,3302.857899
9.711212,150,3303.492515
31.012864,150,3304.226199
19.864797,150,3305.03363
8.746522,150,3305.756376
16.152288,150,3306.489829
33.399711,150,3307.240787
-9.726554,150,3307.971586
17.645412,150,3308.725521
22.308852,150,3309.438111
7.655825,150,3310.201369
22.97579,150,3310.948385
29.360115,150,3311.688419
24.629575,150,3313.985597
27.66004,150,3314.638865
19.47273,150,3315.286531
35.085597,150,3315.932644
17.459945,150,3316.692689
26.748225,150,3317.410738
20.120634,150,3318.141752
29.84364,150,3318.857264
4.979137,150,3319.590077
32.680625,150,3320.334904
14.373732,150,3321.05486
30.902627,150,3321.793446
-0.122976,150,3322.532498
29.2964,150,3324.833966
23.321387,150,3325.416487
19.348283,150,3326.176471
25.467308,150,3326.819511
17.179279,150,3327.461637
7.961118,150,3328.143019
13.791144,150,3328.885642
16.056273,150,3329.651396
16.625599,150,3330.394873
21.370172,150,3331.126168
19.823722,150,3331.885751
9.238179,150,3332.611422
2.569262,150,3333.321567
20.735775,150,3334.069952
25.679364,150,3336.393814
20.978938,150,3336.982394
15.642824,150,3337.673654
16.878073,150,3338.375425
6.711889,150,3339.017548
18.898926,150,3339.645646
6.933022,150,3340.380804
-1.302762,150,3341.114199
20.707492,150,3341.848576
18.186482,150,3342.599897
32.054705,150,3343.33855
22.211326,150,3344.07293
15.771577,150,3344.818565
1.225722,150,3345.57404
35.514985,150,3347.900737
24.821892,150,3348.52348
10.097265,150,3349.155802
19.889858,150,3349.886024
13.067874,150,3350.551352
31.413964,150,3351.180132
31.690594,150,3351.777492
28.633552,150,3352.488465
26.244016,150,3353.227596
13.992922,150,3353.970145
22.205982,150,3354.729985
14.91519,150,3355.452929
17.940952,150,3356.174521
6.512087,150,3358.576326
12.134765,150,3359.310126
28.533297,150,3360.011845
24.525533,150,3360.632355
29.196408,150,3361.263208
18.552826,150,3361.996109
27.674998,150,3362.764335
21.212984,150,3363.43028
18.21258,150,3364.055999
17.305107,150,3364.758842
19.782786,150,3365.519163
12.968795,150,3366.275516
4.108529,150,3367.018474
9.36406,150,3367.765761
20.818943,150,3370.204537
14.465195,150,3370.9967
1.60122,150,3371.749161
16.614034,150,3372.384828
31.239432,150,3373.034748
22.668932,150,3373.696951
31.233128,150,3374.482602
27.506718,150,3375.215127
36.864349,150,3375.834832
16.938467,150,3376.469556
10.764218,150,3377.154408
17.316705,150,3377.886151
33.69868,150,3378.641863
16.327857,150,3379.386111
10.872931,150,3381.766653
16.346805,150,3382.493457
33.080124,150,3383.236689
6.800548,150,3383.96604
18.124484,150,3384.606793
1.298073,150,3385.213767
11.867086,150,3385.906484
23.314965,150,3386.638176
29.881676,150,3387.371958
10.523267,150,3387.996655
29.602177,150,3388.603302
36.994588,150,3389.26894
27.750652,150,3389.993692
6.892186,150,3392.384352
31.024361,150,3393.081283
36.018174,150,3393.806955
3.82255,150,3394.639647
21.283034,150,3395.39353
36.253986,150,3396.007485
6.843415,150,3396.587693
30.447587,150,3397.198915
24.707102,150,3397.915093
17.331923,150,3398.62399
31.236927,150,3399.322795
32.03701,150,3400.022084
10.397229,150,3400.668282
34.772736,150,3401.299798
21.65235,150,3403.658902
37.458016,150,3404.39288
10.004785,150,3405.149687
24.528775,150,3405.890687
38.158639,150,3406.615697
1.58376,150,3407.373325
14.632647,150,3408.021764
24.088262,150,3408.6698
17.126981,150,3409.348116
15.630549,150,3410.092844
15.689928,150,3410.841992
37.746572,150,3411.571562
16.290646,150,3412.203344
19.841606,150,3412.829829
11.972826,150,3415.165597
27.934266,150,3415.882468
0.931618,150,3416.606512
18.056677,150,3417.35358
26.597257,150,3418.059301
22.430634,150,3418.795157
4.847337,150,3419.496825
28.337947,150,3420.125098
18.318224,150,3420.762861
2.685935,150,3421.454322
2.211553,150,3422.204746
6.853243,150,3422.889637
17.245372,150,3423.621668
-1.43433,150,3425.914609
12.317663,150,3426.614559
11.486485,150,3427.356543
13.94064,150,3428.102748
32.898667,150,3428.824385
35.232282,150,3429.56495
16.825671,150,3430.350293
22.200639,150,3431.06717
29.159556,150,3431.678681
1.819729,150,3432.350496
7.177697,150,3433.050864
8.384017,150,3433.815868
15.188514,150,3434.558876
19.300973,150,3435.338145
15.27204,150,3437.660468
12.755616,150,3438.388038
6.696425,150,3439.164274
17.594596,150,3439.936501
34.025056,150,3440.720711
20.161474,150,3441.468677
10.591322,150,3442.23849
21.787862,150,3442.948411
10.413191,150,3443.597086
38.424567,150,3444.242971
18.531986,150,3444.886745
23.84237,150,3445.599807
15.826094,150,3446.360018
17.610917,150,3447.06683
18.018858,150,3449.356301
20.959166,150,3449.976188
22.771967,150,3450.684017
4.136972,150,3451.408275
31.045114,150,3452.132141
22.448432,150,3452.85741
4.409278,150,3453.583892
30.117501,150,3454.32555
16.289294,150,3455.091598
28.652488,150,3455.756406
11.616541,150,3456.371404
27.904532,150,3457.090691
16.794992,150,3457.85731
20.205444,150,3460.282966
12.29752,150,3461.00457
21.733102,150,3461.640892
13.292546,150,3462.273756
22.662688,150,3462.995871
19.690521,150,3463.7511
26.71626,150,3464.484092
38.134956,150,3465.222748
4.249323,150,3465.932414
23.102868,150,3466.715298
20.749947,150,3467.440048
27.220889,150,3468.085763
9.290681,150,3468.699116
33.258602,150,3469.420943
30.10757,150,3471.76921
11.247815,150,3472.502327
27.203598,150,3473.219023
2.962292,150,3473.820675
7.688184,150,3474.447392
27.160305,150,3475.175051
25.730313,150,3475.873591
23.783763,150,3476.609164
23.029484,150,3477.359282
6.889199,150,3478.108076
24.624787,150,3478.896837
16.81813,150,3479.587808
14.28807,150,3480.218235
14.180897,150,3480.845776
32.964069,150,3483.170592
19.330853,150,3483.891116
34.149332,150,3484.619142
17.640504,150,3485.330748
28.396778,150,3485.93229
19.630789,150,3486.522536
20.733437,150,3487.233618
21.094385,150,3487.976185
7.492855,150,3488.698223
26.426151,150,3489.461985
29.862548,150,3490.181592
25.542595,150,3490.932942
12.025669,150,3491.573681
21.499149,150,3493.849681
16.619552,150,3494.56012
14.653967,150,3495.314418
30.725037,150,3496.059089
18.459914,150,3496.817255
27.011674,150,3497.47822
16.852758,150,3498.098533
30.464207,150,3498.712869
35.149088,150,3499.437964
10.104064,150,3500.160407
30.336343,150,3500.899948
21.307006,150,3501.632937
21.091826,150,3502.396189
16.711122,150,3503.153193
16.077062,150,3505.430722
10.160168,150,3506.14797
23.012231,150,3506.897169
29.844206,150,3507.658762
32.294785,150,3508.39965
8.310671,150,3509.155175
19.504656,150,3509.865995
28.43451,150,3510.598732
5.498601,150,3511.410708
13.031036,150,3512.254728
24.86341,150,3513.078184
2.870123,150,3513.883602
15.922122,150,3514.687949
28.449627,150,3515.44556
8.465553,150,3517.692679
26.15071,150,3518.429277
13.437119,150,3519.150282
13.935875,150,3519.909
10.435918,150,3520.643876
11.64997,150,3521.370316
39.514918,150,3521.985662
0.309073,150,3522.624542
10.619316,150,3523.282499
11.330664,150,3524.008051
11.183829,150,3524.71066
12.530096,150,3525.459281
33.183846,150,3526.197506
28.742729,150,3528.549707
14.846974,150,3529.22217
14.520733,150,3529.924855
19.163678,150,3530.671413
29.769033,150,3531.412826
13.466006,150,3532.165328
35.750976,150,3532.923497
1.977388,150,3533.674937
20.600131,150,3534.315665
32.769924,150,3534.958695
6.993755,150,3535.572089
16.191387,150,3536.323169
34.826344,150,3537.066359
12.179692,150,3537.780703
16.318128,150,3540.118423
19.79669,150,3540.7329
14.401211,150,3541.336316
14.225751,150,3542.056285
16.580763,150,3542.768864
16.532661,150,3543.511684
6.906891,150,3544.278818
24.871323,150,3545.02376
16.217704,150,3545.756812
15.510097,150,3546.407354
10.68225,150,3547.076937
15.987094,150,3547.740388
13.886619,150,3548.515581
20.116699,150,3550.950424
19.957,150,3551.59
8.117308,150,3552.215758
33.869293,150,3552.878058
13.283998,150,3553.620646
17.55774,150,3554.335138
14.998102,150,3555.101308
6.289263,150,3555.8745
35.235307,150,3556.636408
9.478414,150,3557.337205
21.371678,150,3558.06932
18.309917,150,3558.662309
17.277689,150,3559.262178
15.983866,150,3559.850358
14.860139,150,3562.239097
22.924829,150,3562.953768
19.181349,150,3563.636806
13.322713,150,3564.254104
30.59126,150,3564.871329
13.941935,150,3565.570989
23.798979,150,3566.291024
20.099154,150,3567.024896
24.228193,150,3567.740716
21.597573,150,3568.477853
18.606924,150,3569.205733
9.905795,150,3569.935565
24.686582,150,3570.575661
28.890876,150,3571.183945
2.382375,150,3573.470884
13.678545,150,3574.232649
36.140336,150,3574.965219
7.230789,150,3575.594519
15.912421,150,3576.227723
25.466186,150,3576.857528
21.390548,150,3577.562793
13.58914,150,3578.283817
15.983607,150,3579.048548
16.099617,150,3579.872711
10.671077,150,3580.707342
38.153284,150,3581.581528
0.276978,150,3582.423047
0.052982,150,3584.987005
14.412039,150,3585.799363
18.476524,150,3586.605746
34.119424,150,3587.415737
26.345694,150,3588.147851
34.643151,150,3588.873899
14.949193,150,3589.552032
36.202762,150,3590.298537
18.716652,150,3591.046686
31.344124,150,3591.794212
16.42147,150,3592.55635
16.623926,150,3593.328207
24.092864,150,3594.062082
7.252433,150,3594.807007
17.19705,150,3597.080246
33.241421,150,3597.72714
20.776482,150,3598.434199
13.77507,150,3599.147701
23.352735,150,3599.849577
8.317412,150,3600.489298
27.872028,150,3601.139888
21.776727,150,3601.858442
22.071884,150,3602.589365
16.650986,150,3603.337264
4.454516,150,3604.083404
19.167864,150,3604.838231
32.319203,150,3605.567327
36.270824,150,3606.364638
10.007599,150,3608.629313
6.483544,150,3609.252567
19.371059,150,3609.957207
13.457989,150,3610.682722
34.389845,150,3611.428224
15.005208,150,3612.112595
7.702088,150,3612.747766
19.314245,150,3613.42622
20.072684,150,3614.2142
28.294877,150,3614.95374
7.102902,150,3615.695391
32.253846,150,3616.414164
3.713393,150,3617.130186
21.091874,150,3619.522793
15.311398,150,3620.187274
16.993065,150,3620.787738
13.461336,150,3621.381706
15.066422,150,3622.071294
1.150417,150,3622.777882
15.1986,150,3623.49537
18.167496,150,3624.115966
20.277734,150,3624.754272
5.942746,150,3625.426392
8.930236,150,3626.180912
15.2162,150,3626.952523
1.178527,150,3627.677564
32.236402,150,3628.37227
5.933377,150,3630.732246
36.686446,150,3631.478121
24.305644,150,3632.201904
37.645951,150,3632.817328
17.82385,150,3633.421386
37.12648,150,3634.103699
30.913076,150,3634.86034
19.509511,150,3635.53352
7.767804,150,3636.209659
33.205193,150,3636.843715
30.103445,150,3637.561582
23.184491,150,3638.293777
34.85521,150,3639.017283
34.253936,150,3639.774764
10.539996,150,3642.122383
23.367178,150,3642.856472
3.00871,150,3643.638569
25.820372,150,3644.383151
27.684309,150,3645.016588
12.553824,150,3645.623104
14.196383,150,3646.315144
23.926358,150,3647.091929
14.839097,150,3647.719342
33.784162,150,3648.375291
20.570463,150,3649.002859
24.303562,150,3649.734809
18.355896,150,3650.459326
30.043492,150,3652.828563
18.467194,150,3653.557631
20.221677,150,3654.311723
26.70015,150,3655.072895
14.884647,150,3655.792906
29.567979,150,3656.533932
15.184754,150,3657.169309
26.065654,150,3657.779937
25.282185,150,3658.434529
14.166148,150,3659.195337
26.491486,150,3659.837407
10.422194,150,3660.459158
22.061214,150,3661.117884
19.18948,150,3661.917057
37.519084,150,3664.324433
21.910813,150,3665.070093
12.882461,150,3665.850609
18.331068,150,3666.603937
30.232379,150,3667.377563
10.152705,150,3668.133972
14.543333,150,3668.860644
20.364223,150,3669.502198
17.749788,150,3670.166286
32.832941,150,3670.844729
7.565447,150,3671.560171
13.379559,150,3672.215147
7.258347,150,3672.844825
20.748907,150,3673.550614
6.247834,150,3675.922855
-0.129988,150,3676.677766
2.313628,150,3677.474554
31.186494,150,3678.238588
37.55224,150,3679.022989
16.554215,150,3679.768106
36.360351,150,3680.513015
23.406187,150,3681.22541
34.083847,150,3681.877074
33.670172,150,3682.504084
28.422635,150,3683.181443
0.891758,150,3683.841393
4.451445,150,3684.469802
7.838209,150,3686.782554
20.790488,150,3687.491935
9.403329,150,3688.19429
2.216476,150,3688.938839
19.211893,150,3689.627505
17.669554,150,3690.387243
20.564424,150,3691.161815
3.843412,150,3691.93224
26.984046,150,3692.665211
20.983186,150,3693.413375
31.005482,150,3694.065532
32.215618,150,3694.725287
21.305085,150,3695.304631
12.343124,150,3695.955343
16.790041,150,3698.229942
23.660739,150,3698.92052
19.257557,150,3699.678562
25.425325,150,3700.444932
22.125306,150,3701.150545
32.788894,150,3701.876109
23.632813,150,3702.596125
24.491159,150,3703.333166
31.919024,150,3704.081899
26.732696,150,3704.805736
14.103254,150,3705.522649
28.590729,150,3706.157054
18.275661,150,3706.787129
30.855921,150,3707.393114
5.360546,150,3709.73056
27.046874,150,3710.477091
33.132605,150,3711.187954
32.735854,150,3711.942188
25.132823,150,3712.669318
12.110953,150,3713.40823
16.971417,150,3714.150882
13.449775,150,3714.8762
12.30353,150,3715.612387
15.428549,150,3716.332016
28.11426,150,3717.091542
8.005259,150,3717.760026
10.90967,150,3718.376711
28.025569,150,3720.516347
31.546562,150,3721.22576
17.494381,150,3721.98185
17.549002,150,3722.709449
16.702971,150,3723.437192
17.015233,150,3724.211171
23.849578,150,3724.954838
4.422094,150,3725.699437
27.113727,150,3726.438869
15.579321,150,3727.164321
12.476081,150,3727.912392
28.784708,150,3728.629423
33.125925,150,3729.358926
2.725351,150,3729.981905
16.755851,150,3732.141073
34.57911,150,3732.794435
18.253898,150,3733.558949
38.126801,150,3734.294479
16.169838,150,3735.02326
14.170419,150,3735.747166
7.967457,150,3736.497592
39.559998,150,3737.232663
33.196852,150,3738.018507
8.705035,150,3738.752941
14.387777,150,3739.492513
18.206163,150,3740.257548
36.304147,150,3740.983389
14.148965,150,3741.669935
17.831094,150,3743.810559
9.812503,150,3744.44954
16.587474,150,3745.186281
1.930331,150,3745.917274
23.052575,150,3746.672005
14.357334,150,3747.42415
6.988309,150,3748.153076
21.742422,150,3748.855403
12.503017,150,3749.567572
21.387675,150,3750.295098
24.880905,150,3751.029676
13.022193,150,3751.779554
19.017493,150,3752.518867
31.98062,150,3754.83477
25.052715,150,3755.367427
5.836759,150,3756.018126
34.404537,150,3756.684587
25.456057,150,3757.4367
18.57459,150,3758.1947
20.708843,150,3758.933989
9.366315,150,3759.650992
16.053301,150,3760.403873
34.624847,150,3761.203135
18.534304,150,3761.953635
18.61345,150,3762.649998
38.504234,150,3763.358325
7.144872,150,3764.136015
11.180471,150,3766.464529
19.949417,150,3767.076696
39.117249,150,3767.549062
12.476283,150,3768.168279
19.137571,150,3768.816616
2.001632,150,3769.542893
11.86316,150,3770.304841
29.851833,150,3771.05113
28.310078,150,3771.790378
28.054706,150,3772.508053
11.770348,150,3773.252926
38.428535,150,3773.988402
8.656456,150,3774.740279
4.451985,150,3775.470607
11.111153,150,3777.815524
29.258051,150,3778.510622
25.165276,150,3779.079719
25.935076,150,3779.541156
15.72174,150,3780.064803
16.628127,150,3780.699435
7.282687,150,3781.427168
28.084323,150,3782.149464
36.287425,150,3782.907084
15.076505,150,3783.619908
19.908029,150,3784.373879
23.102921,150,3785.160781
24.580731,150,3785.893297
20.449051,150,3788.292178
6.709928,150,3789.019836
18.575755,150,3789.745009
17.374745,150,3790.496008
16.572539,150,3791.12786
16.207827,150,3791.577663
5.381871,150,3792.052459
22.417573,150,3792.610028
6.1955,150,3793.327363
25.782139,150,3794.067737
6.651138,150,3794.810154
31.096724,150,3795.577724
18.048451,150,3796.296347
3.652881,150,3797.05861
17.8295,150,3799.422157
4.96303,150,3800.155352
25.943328,150,3800.856224
13.258372,150,3801.606259
20.481688,150,3802.327517
27.572833,150,3803.014658
13.587534,150,3803.464847
22.650684,150,3803.925715
31.457629,150,3804.399312
26.875235,150,3805.166128
19.758196,150,3805.910247
34.379433,150,3806.668102
16.700701,150,3807.408453
9.943999,150,3808.148912
17.359306,150,3810.546096
24.054739,150,3811.289322
15.446427,150,3812.015292
8.641501,150,3812.720449
28.163733,150,3813.438525
22.675989,150,3814.212695
6.940366,150,3814.971435
34.20111,150,3815.532379
8.457928,150,3816.00074
13.265411,150,3816.462816
-3.821685,150,3817.017295
29.752924,150,3817.8501
27.60521,150,3818.659656
4.181519,150,3821.269523
36.202295,150,3822.089652
16.104525,150,3822.916988
12.747905,150,3823.666498
10.661282,150,3824.429374
35.352481,150,3825.176881
28.054663,150,3825.930865
21.238181,150,3826.669699
21.781262,150,3827.388675
28.750752,150,3828.042929
12.902196,150,3828.526778
18.444756,150,3828.998996
37.891971,150,3829.461418
29.798207,150,3830.151352
20.207841,150,3832.528246
14.763964,150,3833.234273
34.138544,150,3833.961516
10.721354,150,3834.668886
5.330508,150,3835.411056
22.301184,150,3836.142238
32.600309,150,3836.827453
37.950581,150,3837.551371
23.78618,150,3838.278699
15.992631,150,3839.030865
19.512057,150,3839.788351
20.535207,150,3840.417378
23.286518,150,3840.899148
7.812414,150,3842.971597
25.227357,150,3843.676669
15.97361,150,3844.443278
14.764782,150,3845.156892
22.596692,150,3845.919865
0.030057,150,3846.690797
10.679074,150,3847.426589
4.173324,150,3848.184134
32.198181,150,3848.910157
2.106434,150,3849.668491
32.656827,150,3850.399521
30.294527,150,3851.163288
24.645489,150,3851.914224
36.520303,150,3852.59673
22.079746,150,3854.680358
26.720719,150,3855.41895
31.690995,150,3856.184033
13.776366,150,3856.963199
19.64562,150,3857.719742
7.085086,150,3858.475307
16.947032,150,3859.238484
22.88123,150,3859.985047
12.046705,150,3860.712821
12.439466,150,3861.461539
23.903372,150,3862.226224
27.997023,150,3863.030416
19.221132,150,3863.823021
13.298087,150,3864.527386
10.338511,150,3866.583677
10.41686,150,3867.31375
26.429294,150,3868.056563
38.851468,150,3868.781674
13.219724,150,3869.508376
39.00098,150,3870.238726
-0.277506,150,3871.004375
6.266841,150,3871.765985
16.968811,150,3872.514203
21.833615,150,3873.248539
11.120984,150,3874.021116
23.767298,150,3874.780527
29.242152,150,3875.505889
21.358318,150,3877.740599
11.317011,150,3878.332853
11.309041,150,3879.003388
5.53001,150,3879.752005
26.946719,150,3880.509788
36.094243,150,3881.282886
18.494403,150,3882.077902
23.261037,150,3882.863663
20.574935,150,3883.623792
8.050571,150,3884.396763
8.433594,150,3885.17976
1.269345,150,3885.958566
25.62658,150,3886.706765
10.311285,150,3887.471375
8.289231,150,3889.755883
15.136821,150,3890.292042
21.602932,150,3890.966464
26.928531,150,3891.731835
2.091292,150,3892.576675
23.418632,150,3893.404927
35.18251,150,3894.270574
20.371441,150,3895.130725
34.938741,150,3895.953707
29.246264,150,3896.746341
21.997273,150,3897.603993
17.740316,150,3898.454858
22.745606,150,3899.266752
22.782593,150,3900.133273
12.193287,150,3902.509376
0.60423,150,3903.108786
18.654692,150,3903.644594
10.544252,150,3904.29394
22.552348,150,3904.98976
-0.084228,150,3905.709372
36.982281,150,3906.458682
20.188605,150,3907.196925
20.101889,150,3907.933658
30.485188,150,3908.643269
16.238623,150,3909.397731
15.248095,150,3910.122144
20.901893,150,3910.886695
16.840374,150,3913.311219
2.089938,150,3913.972573
35.510281,150,3914.590882
30.093275,150,3915.235389
12.216426,150,3915.823009
20.73725,150,3916.433606
16.49917,150,3917.109684
28.905532,150,3917.872383
28.505068,150,3918.629786
23.859368,150,3919.36922
13.893841,150,3920.098385
38.293202,150,3920.817701
30.811114,150,3921.552389
33.326505,150,3922.308932
5.135253,150,3924.698001
29.250787,150,3925.456089
7.63892,150,3926.134233
22.4007,150,3926.777254
20.926402,150,3927.453729
20.44589,150,3928.077278
12.205223,150,3928.694178
26.700654,150,3929.374872
6.458905,150,3930.156556
33.654976,150,3930.881449
9.465249,150,3931.652171
19.823917,150,3932.375455
11.917506,150,3933.088698
20.80548,150,3933.801847
25.897961,150,3936.193614
35.196187,150,3936.91659
32.535246,150,3937.58654
36.719276,150,3938.229543
22.891579,150,3938.863278
13.3763,150,3939.539792
22.052263,150,3940.175435
27.783253,150,3940.830324
32.742083,150,3941.537884
17.155252,150,3942.294762
32.092616,150,3943.033497
6.792537,150,3943.774347
25.333984,150,3944.52044
5.858508,150,3946.930578
30.601266,150,3947.641554
18.118761,150,3948.360256
10.744765,150,3949.085038
16.879296,150,3949.706223
37.167684,150,3950.351847
28.509933,150,3951.002052
6.18762,150,3951.73048
31.156353,150,3952.384078
12.974053,150,3953.04415
17.710754,150,3953.785532
14.366564,150,3954.540255
10.091267,150,3955.272214
0.391296,150,3956.079866
23.904611,150,3958.478778
20.7211,150,3959.245183
38.889499,150,3959.981381
15.002392,150,3960.694629
13.493082,150,3961.456559
-1.666418,150,3962.088677
22.150655,150,3962.690689
37.278568,150,3963.387352
27.795162,150,3964.133832
31.937832,150,3964.7771
17.476548,150,3965.391616
1.760745,150,3966.081062
21.178594,150,3966.840419
20.892217,150,3967.54289
-0.045595,150,3969.911514
11.070201,150,3970.640392
9.437379,150,3971.353867
16.991154,150,3972.124238
30.512798,150,3972.8917
36.875638,150,3973.552384
19.102232,150,3974.167901
29.941474,150,3974.813497
7.020788,150,3975.601476
5.7015,150,3976.300239
5.903133,150,3976.925949
18.542027,150,3977.555583
5.05053,150,3978.261822
17.811059,150,3980.651926
16.478304,150,3981.401423
13.404228,150,3982.101669
17.70069,150,3982.841386
24.30568,150,3983.564641
25.814176,150,3984.293028
20.782708,150,3985.004079
10.183697,150,3985.621241
4.296701,150,3986.25951
15.112125,150,3986.926651
24.839361,150,3987.649917
17.740355,150,3988.351256
13.524071,150,3989.010143
19.821658,150,3989.640462
27.398222,150,3991.918934
7.980025,150,3992.629423
36.175267,150,3993.354219
14.289261,150,3994.102247
17.018373,150,3994.8453
31.184757,150,3995.567719
25.653316,150,3996.309901
16.875786,150,3996.991705
24.085958,150,3997.625297
32.566555,150,3998.244203
17.610283,150,3999.003697
35.120651,150,3999.740293
3.778533,150,4000.461948
39.557746,150,4001.076466
8.149626,150,4003.393816
14.585445,150,4004.134474
12.267442,150,4004.879369
22.035446,150,4005.659911
36.363175,150,4006.381766
17.764556,150,4007.14852
18.976029,150,4007.927726
35.913445,150,4008.64208
31.521358,150,4009.284941
37.154099,150,4009.891423
35.716749,150,4010.614119
12.099031,150,4011.400803
35.004773,150,4012.155087
15.304737,150,4014.429682
14.532558,150,4015.176282
20.663319,150,4015.893239
18.114007,150,4016.634791
9.492385,150,4017.364026
19.088363,150,4018.137296
8.276872,150,4018.8556
36.810704,150,4019.61974
35.032199,150,4020.298441
5.799853,150,4020.921056
24.201375,150,4021.539913
25.980276,150,4022.245821
6.727286,150,4022.974229
18.8118,150,4023.684794
19.119466,150,4025.968285
6.250237,150,4026.606152
24.755912,150,4027.362965
2.232867,150,4028.080028
31.517087,150,4028.805616
19.542199,150,4029.522675
23.497399,150,4030.286168
14.894022,150,4031.054313
31.28252,150,4031.779478
9.649346,150,4032.429938
11.412489,150,4033.045256
4.785061,150,4033.716224
25.279111,150,4034.43593
18.419297,150,4035.229112
22.090482,150,4037.482295
17.611883,150,4038.118678
37.721397,150,4038.788172
11.394317,150,4039.527005
26.331868,150,4040.264345
14.827525,150,4041.014913
23.359659,150,4041.710037
30.814416,150,4042.471763
33.491623,150,4043.220606
22.811609,150,4043.858869
19.880815,150,4044.484843
22.877419,150,4045.12566
11.765047,150,4045.859836
0.501553,150,4048.221825
8.548074,150,4048.956335
19.56921,150,4049.544628
11.008834,150,4050.151962
20.118695,150,4050.827802
15.628774,150,4051.574924
25.053492,150,4052.271846
10.041223,150,4053.008841
27.1947,150,4053.738453
19.502442,150,4054.459465
5.417732,150,4055.215163
35.626624,150,4055.867141
22.353929,150,4056.489913
20.576518,150,4057.126381
29.580488,150,4059.515881
11.115982,150,4060.261552
37.423112,150,4061.015143
20.976382,150,4061.687222
19.19435,150,4062.385424
37.392073,150,4063.060058
9.287025,150,4063.78447
10.282525,150,4064.557547
18.523333,150,4065.32007
19.884416,150,4066.06373
12.398023,150,4066.787046
24.077679,150,4067.532593
10.699365,150,4068.201287
14.629274,150,4068.821898
26.556636,150,4071.143704
22.823108,150,4071.876393
19.465844,150,4072.617722
32.256302,150,4073.376866
11.629859,150,4074.072178
4.804108,150,4074.736831
2.464557,150,4075.397627
36.949838,150,4076.130374
22.207331,150,4076.920587
4.871765,150,4077.694938
12.629192,150,4078.429067
9.731073,150,4079.212662
15.90962,150,4079.996157
16.679743,150,4082.272181
11.047883,150,4083.00011
34.346814,150,4083.740541
12.537899,150,4084.505908
18.24054,150,4085.236506
10.496348,150,4085.984261
13.840094,150,4086.614573
35.601316,150,4087.269105
29.91617,150,4087.948705
17.816207,150,4088.712489
21.555929,150,4089.467975
28.870703,150,4090.231082
18.65074,150,4090.985921
6.227825,150,4091.746674
9.039211,150,4094.021748
1.952861,150,4094.758512
19.323961,150,4095.498868
3.17252,150,4096.276145
18.715476,150,4097.021722
28.267762,150,4097.805843
28.809152,150,4098.465415
8.254075,150,4099.080127
17.815094,150,4099.74229
1.362468,150,4100.500338
26.090039,150,4101.275449
32.521646,150,4102.045001
12.959957,150,4102.794436
17.432479,150,4103.550825
14.567551,150,4105.804364
15.678806,150,4106.552712
20.966338,150,4107.318392
33.08179,150,4108.050819
24.192633,150,4108.800699
22.6198,150,4109.539536
30.259033,150,4110.28907
12.128224,150,4110.921869
7.123743,150,4111.57209
2.178449,150,4112.282948
26.188398,150,4113.042833
22.041139,150,4113.781622
33.441272,150,4114.527148
2.863198,150,4116.942775
13.182878,150,4117.571523
38.876311,150,4118.229985
10.702572,150,4118.999682
22.446074,150,4119.758365
25.683643,150,4120.515708
5.046177,150,4121.280366
10.398144,150,4122.044362
8.788084,150,4122.788419
5.526936,150,4123.433776
30.071099,150,4124.079705
10.601807,150,4124.736572
7.582065,150,4125.49556
23.332598,150,4126.331805
20.459354,150,4128.961931
27.808612,150,4129.656087
18.024099,150,4130.392121
12.44002,150,4131.149672
6.554037,150,4131.927363
21.928535,150,4132.697649
10.078905,150,4133.434716
15.530569,150,4134.166809
29.810125,150,4134.907663
34.149231,150,4135.626229
19.346004,150,4136.283277
17.513713,150,4136.900947
35.558306,150,4137.600315
31.048264,150,4140.014236
17.751621,150,4140.732177
12.741121,150,4141.383922
2.711153,150,4142.044698
33.214777,150,4142.636961
12.048443,150,4143.405172
29.484618,150,4144.175388
32.999149,150,4144.904484
3.665104,150,4145.6116
29.186766,150,4146.345138
30.386632,150,4147.067255
10.319406,150,4147.797971
6.091608,150,4148.45111
22.553561,150,4149.100328
15.169927,150,4151.419071
29.733112,150,4152.133487
21.670099,150,4152.854729
7.776758,150,4153.461482
31.446263,150,4154.101517
19.454416,150,4154.736455
28.727843,150,4155.465145
25.812026,150,4156.206111
16.566445,150,4156.927104
31.280546,150,4157.633035
12.308182,150,4158.392896
5.487623,150,4159.136538
9.957412,150,4159.880631
26.77489,150,4160.571492
34.893763,150,4162.884224
18.095883,150,4163.616236
37.245417,150,4164.372049
15.483355,150,4165.043236
15.937087,150,4165.651936
32.05229,150,4166.299937
19.783921,150,4167.04477
18.826394,150,4167.813639
34.657822,150,4168.576992
2.935864,150,4169.322372
8.196234,150,4170.095752
15.342054,150,4170.836692
10.491835,150,4171.574308
39.065048,150,4173.901054
23.573289,150,4174.576575
20.749463,150,4175.300082
25.842412,150,4176.026757
14.157613,150,4176.686338
28.072807,150,4177.345613
9.59817,150,4178.037432
9.551311,150,4178.73896
37.967057,150,4179.461067
22.974232,150,4180.205582
18.37312,150,4180.960203
15.189298,150,4181.680605
18.40385,150,4182.447898
6.894994,150,4183.192377
11.944582,150,4185.475313
32.891037,150,4186.114353
34.853943,150,4186.777546
32.820048,150,4187.515047
23.755681,150,4188.242237
16.577763,150,4188.870032
15.92233,150,4189.519739
19.165086,150,4190.25576
13.292651,150,4190.99048
6.002265,150,4191.735368
26.249456,150,4192.467479
16.246186,150,4193.188684
27.470865,150,4193.923965
14.082769,150,4194.656683
15.255002,150,4197.04412
15.327868,150,4197.678704
14.786351,150,4198.348828
21.785155,150,4199.017388
13.062243,150,4199.742755
6.561895,150,4200.437373
30.868113,150,4201.075576
5.0928,150,4201.708666
11.77155,150,4202.455956
9.145329,150,4203.224249
24.745946,150,4204.04886
38.34279,150,4204.868062
10.27147,150,4205.659999
20.497863,150,4208.307885
19.114307,150,4209.083279
13.851906,150,4209.891679
15.926356,150,4210.588128
36.678289,150,4211.295798
17.121569,150,4212.057971
21.718952,150,4212.841375
33.908919,150,4213.53734
24.376562,150,4214.170706
20.631748,150,4214.833419
24.3051,150,4215.527807
34.108684,150,4216.264979
28.862416,150,4216.986675
19.334538,150,4217.737583
17.098058,150,4220.143527
9.443865,150,4220.862538
21.066662,150,4221.600415
25.106609,150,4222.329228
14.582825,150,4222.947939
18.287757,150,4223.595401
32.675547,150,4224.25721
31.645301,150,4224.990813
28.987078,150,4225.592307
6.428782,150,4226.207577
29.48248,150,4226.910966
32.350707,150,4227.620011
16.426084,150,4228.35759
33.506653,150,4229.085514
22.795541,150,4231.459815
23.251867,150,4232.178832
3.031131,150,4232.908494
34.197531,150,4233.673871
11.896559,150,4234.427703
14.100589,150,4235.059788
31.75342,150,4235.734354
28.565215,150,4236.416748
17.796037,150,4237.077943
8.110153,150,4237.688015
18.789208,150,4238.329201
-9.136471,150,4239.095887
6.92107,150,4239.865575
16.413254,150,4242.241821
36.067108,150,4242.99029
28.832326,150,4243.7112
16.371134,150,4244.411542
20.976107,150,4245.143235
19.54441,150,4245.911605
14.804574,150,4246.659125
25.228643,150,4247.284781
36.864535,150,4247.906866
0.570373,150,4248.627032
28.614255,150,4249.245112
1.442688,150,4249.885419
29.391563,150,4250.557878
15.08204,150,4251.32855
17.411458,150,4253.724295
25.647831,150,4254.458799
35.517227,150,4255.177424
16.828621,150,4255.909652
26.784641,150,4256.650879
35.630512,150,4257.390491
2.80005,150,4258.122579
19.483775,150,4258.824312
15.389282,150,4259.529417
6.847279,150,4260.161366
32.48923,150,4260.738983
26.422176,150,4261.389324
23.398622,150,4262.05338
32.980573,150,4262.805285
15.820273,150,4265.252141
27.306508,150,4266.006903
7.242274,150,4266.722238
11.841161,150,4267.480709
10.09398,150,4268.238231
23.508003,150,4268.985391
14.279426,150,4269.743976
16.256665,150,4270.514422
37.535772,150,4271.260252
17.899798,150,4271.901116
12.785704,150,4272.529032
18.162047,150,4273.042838
16.814417,150,4273.641529
25.817415,150,4275.948813
13.526244,150,4276.658088
28.895727,150,4277.391139
39.138776,150,4278.144175
0.616001,150,4278.931485
8.252634,150,4279.655827
19.97627,150,4280.347192
14.651069,150,4281.086298
32.682789,150,4281.849651
30.847465,150,4282.580819
11.904005,150,4283.335924
7.059635,150,4284.035811
20.912151,150,4284.683551
30.202072,150,4285.190211
6.569634,150,4287.398745
36.83484,150,4288.141691
29.591573,150,4288.906682
25.336261,150,4289.657872
18.249682,150,4290.402881
17.585987,150,4291.144309
14.774607,150,4291.918639
26.794297,150,4292.631572
28.384017,150,4293.371397
38.188568,150,4294.109709
29.866296,150,4294.861094
21.038595,150,4295.593925
22.549664,150,4296.260622
-1.023002,150,4296.873943
21.131603,150,4299.05627
21.739152,150,4299.813379
19.542939,150,4300.572779
26.314865,150,4301.319647
28.35156,150,4302.084311
-2.304256,150,4302.843006
15.063418,150,4303.621677
15.554787,150,4304.389446
24.397493,150,4305.156308
20.272388,150,4305.938988
11.259307,150,4306.691869
17.120781,150,4307.431027
18.37656,150,4308.174647
28.012969,150,4310.24085
20.209189,150,4310.975557
16.358752,150,4311.70427
23.907427,150,4312.437695
23.830139,150,4313.188364
18.538994,150,4313.875989
20.616656,150,4314.632632
9.298383,150,4315.392388
28.017482,150,4316.114848
8.780201,150,4316.870853
17.920093,150,4317.600925
29.194677,150,4318.354904
31.788647,150,4319.078623
32.323642,150,4319.830889
33.139814,150,4321.938326
10.222622,150,4322.581586
8.157255,150,4323.318881
19.138601,150,4324.075324
9.958603,150,4324.82272
26.971232,150,4325.560378
21.251751,150,4326.308178
14.616005,150,4327.063938
24.861825,150,4327.783142
29.022831,150,4328.529219
29.498845,150,4329.275528
23.037963,150,4330.03697
4.438928,150,4330.776134
31.727025,150,4331.537841
18.711156,150,4333.651967
12.279014,150,4334.136104
38.201851,150,4334.617901
4.969286,150,4335.396716
31.185871,150,4336.147146
33.723013,150,4336.869529
19.230499,150,4337.621166
20.21591,150,4338.35644
12.649272,150,4339.092022
20.630098,150,4339.84849
11.571784,150,4340.626939
32.497506,150,4341.396627
26.292329,150,4342.175769
21.796958,150,4344.587687
25.292296,150,4345.276818
35.402963,150,4345.777647
11.449289,150,4346.236174
11.274661,150,4346.696203
17.26675,150,4347.285708
18.483349,150,4348.01416
26.850497,150,4348.742093
24.278887,150,4349.481093
27.941654,150,4350.25754
18.27392,150,4351.00333
21.61689,150,4351.739131
28.980502,150,4352.480294
19.727766,150,4353.216755
17.878726,150,4355.669151
32.477669,150,4356.400545
15.768373,150,4357.136282
15.501853,150,4357.832436
14.686711,150,4358.344421
11.254195,150,4358.851561
19.811164,150,4359.444247
1.9649,150,4360.191182
1.523142,150,4360.934972
14.409328,150,4361.669513
11.276341,150,4362.395177
16.803797,150,4363.148218
6.0807,150,4363.889544
27.997458,150,4364.650126
1.844796,150,4367.049117
37.555358,150,4367.801481
27.129774,150,4368.560296
35.370538,150,4369.322789
32.627147,150,4370.005058
19.909819,150,4370.510464
2.471414,150,4370.988445
29.212681,150,4371.524549
32.142141,150,4372.235682
14.946381,150,4372.987441
5.223754,150,4373.740542
1.794688,150,4374.482001
11.792993,150,4375.210852
20.239638,150,4377.582108
1.431046,150,4378.29843
28.35718,150,4379.047678
14.962938,150,4379.799126
20.085182,150,4380.548478
15.564953,150,4381.274595
13.782614,150,4381.974019
27.401265,150,4382.583432
6.768296,150,4383.052691
16.274306,150,4383.575072
38.88384,150,4384.222118
14.54015,150,4384.971102
32.576158,150,4385.693248
19.925153,150,4386.451141
4.491943,150,4388.843943
27.480009,150,4389.586565
23.807634,150,4390.33638
21.663066,150,4391.093066
9.507123,150,4391.852792
25.320769,150,4392.619379
7.516552,150,4393.351862
18.041943,150,4394.07742
29.117578,150,4394.696669
13.07727,150,4395.185921
24.973134,150,4395.687844
28.906913,150,4396.312261
8.010893,150,4397.017589
1.344529,150,4399.401331
29.596615,150,4400.089558
15.769578,150,4400.809613
21.587073,150,4401.566391
19.323383,150,4402.344197
12.175938,150,4403.096005
31.908983,150,4403.826712
31.988456,150,4404.531222
23.763375,150,4405.251894
21.50813,150,4405.974678
21.559412,150,4406.575934
31.048884,150,4407.144964
13.806757,150,4407.661465
20.14537,150,4408.293579
9.52119,150,4410.610203
11.937634,150,4411.340131
17.219701,150,4412.097579
22.859509,150,4412.847021
24.599635,150,4413.560542
19.294305,150,4414.324969
29.345759,150,4415.08753
16.788598,150,4415.880031
24.643384,150,4416.636849
25.31278,150,4417.40284
0.50279,150,4418.124827
30.053341,150,4418.759164
13.460763,150,4419.409287
29.649755,150,4419.996726
30.996915,150,4422.302601
32.54246,150,4423.036737
7.269177,150,4423.772035
22.605917,150,4424.540495
8.797828,150,4425.271273
17.894161,150,4426.022543
21.443198,150,4426.722629
16.465328,150,4427.457289
19.89145,150,4428.187532
30.969232,150,4428.945096
35.436769,150,4429.698451
19.363422,150,4430.338962
13.767738,150,4430.985865
24.500789,150,4433.208126
37.159981,150,4433.912239
12.573036,150,4434.757558
17.540484,150,4435.591932
1.252224,150,4436.452754
17.686274,150,4437.286665
20.315039,150,4438.137744
10.405802,150,4438.922809
21.932814,150,4439.713845
7.70499,150,4440.462803
33.729579,150,4441.180775
27.772156,150,4441.948723
7.325282,150,4442.607881
33.686151,150,4443.253445
24.040777,150,4445.559875
2.934158,150,4446.22489
18.484935,150,4446.921572
19.480915,150,4447.664246
18.57225,150,4448.480033
22.092449,150,4449.219209
38.971268,150,4449.97226
5.552083,150,4450.736178
8.412994,150,4451.468184
11.085098,150,4452.209941
-0.048981,150,4452.971117
17.37234,150,4453.719913
12.23293,150,4454.3975
13.338004,150,4455.00616
0.472263,150,4457.25475
14.233985,150,4457.886882
20.323275,150,4458.51201
19.530324,150,4459.196436
10.669079,150,4459.934626
27.899949,150,4460.727017
13.460644,150,4461.478605
20.518677,150,4462.232145
23.936576,150,4462.97461
17.560066,150,4463.708073
36.21391,150,4464.447661
13.286162,150,4465.185081
24.685303,150,4465.912153
0.870272,150,4468.151532
-2.283792,150,4468.885874
24.979555,150,4469.53906
31.36689,150,4470.160031
27.404813,150,4470.779341
12.654898,150,4471.607501
28.270772,150,4472.340325
21.183976,150,4473.091389
20.462359,150,4473.845444
19.484762,150,4474.574949
23.354861,150,4475.33798
18.582175,150,4476.073304
26.469727,150,4476.784107
28.226137,150,4477.542358
22.901065,150,4479.80166
17.259051,150,4480.582828
6.001006,150,4481.292095
12.13018,150,4481.927938
26.740192,150,4482.600245
25.307292,150,4483.298094
39.094998,150,4484.074533
26.53088,150,4484.812936
34.342359,150,4485.562167
17.721146,150,4486.343356
19.507893,150,4487.085793
15.60885,150,4487.832899
22.006649,150,4488.577174
4.61227,150,4489.321884
8.243807,150,4491.590517
-14.369271,150,4492.284642
30.121364,150,4493.022694
14.189102,150,4493.704769
18.447579,150,4494.34204
19.502253,150,4494.987807
1.987648,150,4495.734166
15.294471,150,4496.499877
21.510963,150,4497.252937
35.257806,150,4497.996404
24.618064,150,4498.743985
21.292746,150,4499.487674
5.877571,150,4500.25065
23.69,150,4502.616141
10.174814,150,4503.253505
22.467794,150,4503.888156
8.770089,150,4504.621922
19.865234,150,4505.373349
21.641522,150,4506.077077
4.864686,150,4506.77178
25.71951,150,4507.396668
18.572337,150,4508.164076
34.211497,150,4508.89217
15.294456,150,4509.639438
27.793378,150,4510.403332
17.799134,150,4511.161085
19.753283,150,4511.925385
30.134913,150,4514.348847
16.526091,150,4514.995775
18.453653,150,4515.702198
13.195108,150,4516.456527
19.679588,150,4517.290894
28.281024,150,4518.125243
33.519449,150,4518.890194
19.549671,150,4519.607669
23.905263,150,4520.322027
10.139543,150,4521.137961
11.585312,150,4521.959917
33.796529,150,4522.745715
14.706003,150,4523.57417
19.108846,150,4524.394268
17.095903,150,4526.903295
21.446147,150,4527.589666
11.243743,150,4528.201986
16.767719,150,4528.826811
24.053667,150,4529.521048
31.297754,150,4530.261601
34.142982,150,4530.988848
7.51426,150,4531.662813
18.992588,150,4532.304447
6.149175,150,4532.932783
10.400676,150,4533.665564
22.47266,150,4534.417446
23.679418,150,4535.139441
20.188405,150,4537.514876
12.521577,150,4538.212538
25.894663,150,4538.932536
10.262329,150,4539.600393
7.711608,150,4540.267504
35.199523,150,4540.877116
6.537723,150,4541.631703
24.913869,150,4542.34611
9.441886,150,4543.098342
27.615837,150,4543.790147
10.246154,150,4544.437241
15.393743,150,4545.082172
27.40487,150,4545.776862
17.854438,150,4546.494412
9.116181,150,4548.906307
20.03103,150,4549.633259
10.287749,150,4550.380035
10.474739,150,4551.116179
25.04194,150,4551.745867
38.564049,150,4552.397533
13.395155,150,4553.088391
19.179305,150,4553.844506
20.848083,150,4554.616266
27.636364,150,4555.349285
12.395055,150,4556.032469
14.640678,150,4556.644844
27.894418,150,4557.272692
5.380504,150,4558.009472
12.44849,150,4560.343045
18.118069,150,4561.090821
33.868886,150,4561.834511
13.079963,150,4562.563903
15.288479,150,4563.283193
38.353774,150,4563.887048
21.142933,150,4564.516158
24.867806,150,4565.265181
10.801413,150,4566.021839
8.818337,150,4566.768098
15.924467,150,4567.538044
21.131439,150,4568.234868
21.195181,150,4568.849868
24.959375,150,4571.181828
11.791998,150,4571.896137
8.329258,150,4572.637383
18.336606,150,4573.38233
27.246418,150,4574.140203
17.772197,150,4574.848959
31.803687,150,4575.483389
31.48782,150,4576.11982
33.841115,150,4576.82005
11.17478,150,4577.573227
17.330575,150,4578.29981
23.529635,150,4579.062182
17.664658,150,4579.776472
11.612148,150,4580.456464
17.725624,150,4582.64788
27.663372,150,4583.338767
23.690279,150,4584.080907
23.672382,150,4584.809973
29.593368,150,4585.525859
6.781864,150,4586.273283
13.408144,150,4586.916426
24.064133,150,4587.515506
30.491947,150,4588.127065
10.096936,150,4588.826919
10.516034,150,4589.546003
16.738527,150,4590.24251
4.458139,150,4590.978084
19.58593,150,4591.67933
32.770289,150,4593.836944
15.027905,150,4594.575168
13.970165,150,4595.331467
27.368234,150,4596.102925
26.319391,150,4596.825099
29.837433,150,4597.539877
22.171672,150,4598.227443
21.495451,150,4598.8304
16.689368,150,4599.425001
35.767566,150,4600.136981
4.524327,150,4600.915378
17.805878,150,4601.656833
15.373802,150,4602.393704
34.896955,150,4604.736276
34.57687,150,4605.33027
31.735107,150,4605.922597
10.072705,150,4606.644002
36.736601,150,4607.357385
25.32092,150,4608.069011
15.957329,150,4608.803733
1.994885,150,4609.487183
11.668732,150,4610.138695
11.022442,150,4610.777653
-0.330397,150,4611.403323
33.786794,150,4612.174832
29.992116,150,4612.962341
26.625257,150,4613.711773
19.549803,150,4616.089689
29.558421,150,4616.782753
18.489124,150,4617.418521
23.829506,150,4618.041042
21.823249,150,4618.736291
8.586992,150,4619.474584
26.990309,150,4620.236699
13.601267,150,4620.975721
23.030245,150,4621.692348
23.172625,150,4622.311373
13.150486,150,4622.949951
5.646158,150,4623.621566
27.709681,150,4624.379524
18.464138,150,4625.146519
26.923605,150,4627.562669
29.593948,150,4628.301493
33.837857,150,4629.050237
21.211664,150,4629.700122
10.405498,150,4630.379841
30.285006,150,4631.129568
12.000106,150,4631.890691
18.667455,150,4632.650251
10.065164,150,4633.403583
30.178972,150,4634.101296
6.38019,150,4634.750817
15.876385,150,4635.447342
3.45632,150,4636.178035
8.56414,150,4638.616915
26.010673,150,4639.351753
19.08568,150,4640.102031
36.010076,150,4640.863199
32.232403,150,4641.556476
9.659668,150,4642.197994
4.836721,150,4642.86895
19.242284,150,4643.568954
22.001423,150,4644.32794
21.481645,150,4645.073941
6.164722,150,4645.816287
5.255325,150,4646.434095
28.120697,150,4647.072213
35.308969,150,4647.791905
37.283328,150,4650.243156
22.133607,150,4650.961519
7.256982,150,4651.680829
23.150013,150,4652.435436
31.677046,150,4653.180031
19.39344,150,4653.916711
8.691024,150,4654.541686
7.496624,150,4655.212533
22.28012,150,4655.971898
9.018335,150,4656.723436
25.288744,150,4657.455133
34.519309,150,4658.149877
13.831971,150,4658.788734
15.937907,150,4659.454569
7.49357,150,4661.899615
7.123939,150,4662.666881
34.976153,150,4663.450851
32.796296,150,4664.208807
13.325207,150,4664.909234
19.454748,150,4665.679819
18.83171,150,4666.360371
22.91257,150,4666.997595
22.198833,150,4667.61646
16.280821,150,4668.34956
13.578066,150,4669.117533
23.192643,150,4669.852543
33.845754,150,4670.52382
19.776392,150,4672.835117
14.936742,150,4673.551972
17.13775,150,4674.325322
10.223797,150,4675.088993
24.198654,150,4675.85293
22.654273,150,4676.646567
23.31382,150,4677.401991
12.594687,150,4678.181338
18.820821,150,4678.851173
15.313831,150,4679.492831
29.937373,150,4680.168204
5.413142,150,4680.890139
7.920676,150,4681.640264
11.974347,150,4682.378287
19.939485,150,4684.618896
0.475668,150,4685.376559
17.326063,150,4686.108768
8.858564,150,4686.870302
33.508442,150,4687.596936
15.981822,150,4688.387342
8.799392,150,4689.132866
26.857825,150,4689.855224
28.480039,150,4690.555471
30.018652,150,4691.213765
21.008615,150,4691.838324
3.603872,150,4692.569196
11.002014,150,4693.289322
30.324036,150,4695.608914
33.179556,150,4696.279656
13.260596,150,4697.061365
18.566168,150,4697.821865
19.506187,150,4698.554529
12.133472,150,4699.305775
22.44989,150,4700.052938
18.248352,150,4700.760194
26.236278,150,4701.496253
37.167408,150,4702.255266
27.339829,150,4702.88818
10.532964,150,4703.511964
16.768447,150,4704.212196
12.590419,150,4704.983371
34.893655,150,4707.289662
8.081795,150,4707.913373
1.381475,150,4708.624795
12.09131,150,4709.357957
22.223036,150,4710.080014
17.369176,150,4710.835791
-0.326308,150,4711.633864
17.520931,150,4712.392138
20.601974,150,4713.138982
16.130986,150,4713.870106
5.089083,150,4714.599965
35.708354,150,4715.265178
14.969924,150,4715.889888
28.106857,150,4716.608336
9.085266,150,4718.915829
17.251272,150,4719.564007
6.960365,150,4720.193079
36.817514,150,4720.90912
11.74704,150,4721.632312
25.248818,150,4722.347699
12.498732,150,4723.11212
17.901105,150,4723.848449
19.912186,150,4724.54652
21.254395,150,4725.295321
28.143121,150,4726.052615
20.475071,150,4726.792103
17.036889,150,4727.456415
16.369501,150,4729.744485
14.628933,150,4730.464957
18.738562,150,4731.10535
10.859011,150,4731.724086
7.214633,150,4732.377314
5.583304,150,4733.113138
14.02122,150,4733.855733
3.870838,150,4734.570364
32.47051,150,4735.314829
13.671414,150,4736.048736
34.103992,150,4736.783017
23.600746,150,4737.515694
25.457792,150,4738.251329
20.892932,150,4738.957939
17.283391,150,4741.170821
18.185225,150,4741.894852
0.139487,150,4742.622096
37.11148,150,4743.333292
2.715432,150,4744.04246
14.846821,150,4744.855924
14.654326,150,4745.658264
12.162322,150,4746.483769
34.140578,150,4747.320755
27.420645,150,4748.104645
29.279764,150,4748.80967
20.479128,150,4749.555256
9.889156,150,4750.30644
34.373524,150,4751.064724
10.492939,150,4753.242501
10.700332,150,4753.983138
15.080602,150,4754.67103
31.941617,150,4755.290518
27.34833,150,4755.897407
13.710635,150,4756.568535
28.562377,150,4757.293306
22.602643,150,4758.016759
23.750507,150,4758.792023
21.873839,150,4759.533684
9.92336,150,4760.252073
19.873713,150,4760.9847
13.220058,150,4761.748817
24.830605,150,4764.126608
26.626431,150,4764.759893
33.310331,150,4765.364936
12.86152,150,4766.068282
8.390904,150,4766.756645
26.391244,150,4767.344509
29.365096,150,4768.003419
17.592871,150,4768.751855
19.45706,150,4769.46729
6.413426,150,4770.190091
6.337938,150,4770.978783
12.422918,150,4771.698951
11.472132,150,4772.463778
23.068049,150,4773.201049
24.554274,150,4775.591929
17.949713,150,4776.22391
28.71148,150,4776.852187
32.216227,150,4777.465131
18.888969,150,4778.154772
12.943094,150,4778.786014
7.075371,150,4779.380054
5.933515,150,4780.096839
20.726749,150,4780.825695
30.975228,150,4781.54618
18.907943,150,4782.266901
12.93201,150,4782.998609
14.360655,150,4783.713618
17.783083,150,4784.439462
35.523402,150,4786.812153
5.21383,150,4787.550848
12.091485,150,4788.244468
25.398112,150,4788.884732
19.844656,150,4789.497234
16.188257,150,4790.162778
18.671831,150,4790.802332
7.224584,150,4791.399662
13.556606,150,4792.106284
18.59474,150,4792.85981
24.150073,150,4793.560176
2.278904,150,4794.349587
34.082229,150,4795.115214
36.474441,150,4797.484362
24.30306,150,4798.19283
26.916831,150,4798.974282
32.505596,150,4799.692929
23.999386,150,4800.413823
16.874433,150,4801.028477
2.699275,150,4801.67359
8.788316,150,4802.284511
23.884345,150,4802.879216
13.991306,150,4803.555431
24.427444,150,4804.323671
11.649811,150,4805.047114
22.723984,150,4805.785021
33.767158,150,4806.539231
10.315582,150,4808.890727
8.245538,150,4809.607463
3.682403,150,4810.306907
21.184919,150,4811.019985
2.317627,150,4811.803591
13.681847,150,4812.56171
18.011634,150,4813.194599
15.464959,150,4813.777717
5.219616,150,4814.262971
31.66316,150,4814.907038
33.564988,150,4815.594812
17.360091,150,4816.345011
33.512134,150,4817.071812
24.356268,150,4817.792325
3.375015,150,4820.177566
17.557656,150,4820.93058
16.755229,150,4821.665951
32.806596,150,4822.421296
28.146809,150,4823.183219
7.298347,150,4823.931447
18.47032,150,4824.677299
3.175536,150,4825.33135
5.720582,150,4825.858886
29.691469,150,4826.340288
19.970616,150,4826.996185
12.368406,150,4827.758113
1.755535,150,4828.544163
30.398855,150,4831.187102
17.466444,150,4831.993251
8.837462,150,4832.780321
9.049299,150,4833.585122
19.128772,150,4834.417841
23.136077,150,4835.239318
29.319453,150,4836.086518
16.357637,150,4836.906639
15.265983,150,4837.706086
18.150737,150,4838.355067
12.303148,150,4838.880907
20.251621,150,4839.333186
29.259931,150,4839.892187
14.231666,150,4840.585945
28.425954,150,4842.88135
13.300044,150,4843.626865
5.33872,150,4844.348227
8.711193,150,4845.121656
6.069844,150,4845.880585
-17.722674,150,4846.565717
22.082316,150,4847.293645
14.281853,150,4848.047442
4.37897,150,4848.800438
12.054134,150,4849.562894
31.942002,150,4850.2936
15.835697,150,4850.846481
8.195075,150,4851.300012
10.266981,150,4851.765808
18.335719,150,4854.099724
2.399862,150,4854.845562
39.097632,150,4855.584802
16.621728,150,4856.340328
18.082198,150,4857.0692
36.286207,150,4857.846328
21.409571,150,4858.597559
30.392275,150,4859.299886
6.576074,150,4860.088609
19.555871,150,4860.818581
11.82844,150,4861.583199
16.927081,150,4862.329967
23.896921,150,4862.983073
34.95033,150,4865.042896
22.373957,150,4865.746404
20.251943,150,4866.478072
21.622107,150,4867.240844
20.699555,150,4867.993252
16.582978,150,4868.69522
20.106026,150,4869.449461
12.934573,150,4870.208086
30.945264,150,4870.955044
10.645969,150,4871.670834
5.41001,150,4872.402384
16.322484,150,4873.131994
25.051815,150,4873.840384
28.203026,150,4874.56651
38.956561,150,4876.448698
4.276175,150,4877.167601
32.993968,150,4877.894629
4.363129,150,4878.635726
16.925855,150,4879.340173
35.633371,150,4880.072477
12.710228,150,4880.799987
6.129256,150,4881.535997
12.84326,150,4882.2899
38.832661,150,4883.036637
32.247122,150,4883.773919
38.769774,150,4884.547829
4.93548,150,4885.280676
8.450408,150,4885.983544
11.431202,150,4888.025245
12.16125,150,4888.507801
13.872239,150,4889.089258
17.059422,150,4889.807154
9.739019,150,4890.560472
24.322806,150,4891.29205
26.483638,150,4892.032274
17.488189,150,4892.757055
35.038493,150,4893.537428
16.499924,150,4894.259125
6.889991,150,4894.954354
33.112008,150,4895.694975
14.024769,150,4896.495938
36.711311,150,4898.857679
16.989202,150,4899.506305
5.08604,150,4900.001455
17.982075,150,4900.436542
2.078235,150,4900.968029
16.249368,150,4901.692632
33.334137,150,4902.443342
14.287577,150,4903.195298
16.214636,150,4903.904405
17.561937,150,4904.602269
28.093256,150,4905.322376
21.404789,150,4906.036498
26.585047,150,4906.818624
24.006065,150,4907.535283
29.730451,150,4909.861152
20.137198,150,4910.574329
10.303292,150,4911.254097
23.080706,150,4911.836231
21.342515,150,4912.290368
23.004353,150,4912.738185
23.751598,150,4913.381267
17.903793,150,4914.105067
30.626405,150,4914.850917
13.798495,150,4915.574243
11.397449,150,4916.282473
20.715221,150,4917.017445
21.906584,150,4917.777549
18.964765,150,4918.522096
17.49356,150,4920.91047
13.452681,150,4921.632401
24.598207,150,4922.375186
19.895147,150,4923.104301
7.500854,150,4923.737378
34.623251,150,4924.252134
25.732596,150,4924.72866
19.479373,150,4925.385155
24.82578,150,4926.074869
35.113098,150,4926.772754
37.813424,150,4927.514222
15.310802,150,4928.298332
15.545939,150,4929.062838
27.341464,150,4931.446659
4.32753,150,4932.192152
6.10967,150,4932.905742
8.511942,150,4933.642619
34.175205,150,4934.379275
37.838116,150,4935.080716
19.287321,150,4935.702566
24.244623,150,4936.256629
32.787754,150,4936.764305
19.327596,150,4937.384375
16.041965,150,4938.057121
22.580686,150,4938.80158
13.102921,150,4939.516507
36.343175,150,4940.228965
9.665046,150,4942.617208
37.074358,150,4943.364794
25.208125,150,4944.114264
31.103451,150,4944.858751
27.653681,150,4945.56069
2.324525,150,4946.282305
13.054471,150,4946.99373
25.860653,150,4947.618831
8.956158,150,4948.20965
13.795602,150,4948.714528
18.809462,150,4949.341106
7.171189,150,4950.001758
28.391276,150,4950.718057
18.687857,150,4951.458726
1.02521,150,4953.826501
21.008451,150,4954.544852
18.357097,150,4955.31417
34.570523,150,4956.087415
7.163984,150,4956.819027
17.943434,150,4957.553972
25.881724,150,4958.276736
16.090084,150,4958.954845
9.518466,150,4959.610264
15.226395,150,4960.225345
10.793275,150,4960.766784
21.98498,150,4961.400283
19.679324,150,4962.074206
37.080548,150,4964.557873
22.153673,150,4965.299877
21.177865,150,4966.061958
13.694794,150,4966.81404
7.753362,150,4967.568343
39.208412,150,4968.342928
11.996405,150,4969.098197
5.090441,150,4969.844342
11.677454,150,4970.586716
20.816679,150,4971.259313
24.636663,150,4971.894035
7.238829,150,4972.507402
31.465564,150,4973.16559
-3.518411,150,4973.785741
6.721285,150,4976.076713
9.832936,150,4976.841345
17.616071,150,4977.614168
30.77991,150,4978.361114
22.397723,150,4979.118359
34.590998,150,4979.882435
10.29855,150,4980.657591
17.856929,150,4981.42564
27.002715,150,4982.172765
23.567314,150,4982.918559
26.335534,150,4983.577272
18.533751,150,4984.23331
11.946062,150,4984.976161
28.729024,150,4987.284858
38.802373,150,4988.020461
13.200589,150,4988.776706
9.132643,150,4989.535267
30.389568,150,4990.313177
15.121286,150,4991.06464
10.323867,150,4991.826795
33.235888,150,4992.578299
26.730406,150,4993.323831
22.877333,150,4994.032468
11.750276,150,4994.799447
33.184671,150,4995.413966
27.42575,150,4996.050409
14.002886,150,4996.702335
24.747645,150,4998.979832
0.16302,150,4999.685483
19.142477,150,5000.395781
0.810587,150,5001.113795
28.661188,150,5001.845111
23.29445,150,5002.567434
10.563652,150,5003.262686
16.393871,150,5003.974075
30.728482,150,5004.695803
37.145715,150,5005.473167
13.175776,150,5006.227657
10.707375,150,5006.858321
7.689644,150,5007.459646
14.803943,150,5008.10854
3.09451,150,5010.386916
22.662709,150,5011.017236
20.693798,150,5011.712373
11.989534,150,5012.451152
12.499244,150,5013.20036
22.295837,150,5013.932777
21.866244,150,5014.714028
10.264223,150,5015.477221
22.370698,150,5016.222778
33.779779,150,5017.026498
33.219783,150,5017.764519
20.876617,150,5018.446002
2.471315,150,5019.095563
15.85276,150,5021.418737
7.298684,150,5022.072503
23.340752,150,5022.681278
21.695203,150,5023.320334
17.220115,150,5024.020849
21.918827,150,5024.776824
21.733068,150,5025.486405
29.514327,150,5026.221632
23.853337,150,5026.951921
15.165696,150,5027.683555
38.208055,150,5028.40974
20.576426,150,5029.181426
13.983432,150,5029.864806
24.175777,150,5030.465359
7.352588,150,5032.680834
15.829084,150,5033.43169
13.536848,150,5034.119445
28.480853,150,5034.798667
2.123198,150,5035.444352
9.150969,150,5036.189932
38.010263,150,5036.936852
30.241907,150,5037.705201
33.316738,150,5038.458839
35.99471,150,5039.221941
38.653412,150,5039.984145
28.916147,150,5040.759434
12.101598,150,5041.528331
26.679593,150,5042.238856
7.880934,150,5044.470266
10.743431,150,5045.228643
18.482896,150,5045.967998
19.744884,150,5046.609939
12.642094,150,5047.252048
35.984984,150,5047.941853
11.258303,150,5048.646518
19.303045,150,5049.372676
13.495277,150,5050.09114
23.339768,150,5050.879015
29.715026,150,5051.676255
17.183877,150,5052.486114
28.234069,150,5053.297336
6.528494,150,5055.835439
34.015867,150,5056.565107
18.43209,150,5057.29756
3.451593,150,5058.019338
23.581771,150,5058.737906
2.139541,150,5059.389925
24.02303,150,5060.027462
31.993218,150,5060.702543
26.814397,150,5061.451433
21.22407,150,5062.217504
26.010666,150,5062.929821
11.191552,150,5063.666654
29.982774,150,5064.371667
24.9749,150,5065.16536
13.026582,150,5067.477575
9.838735,150,5068.147449
32.374642,150,5068.879953
0.705355,150,5069.601168
34.08131,150,5070.361621
29.60318,150,5071.026263
20.065866,150,5071.644525
33.336167,150,5072.301084
18.603341,150,5073.048529
36.000551,150,5073.785122
23.118816,150,5074.498641
13.567695,150,5075.231896
31.113928,150,5075.997715
6.130522,150,5076.698756
17.211001,150,5079.000709
29.266464,150,5079.651671
21.234524,150,5080.320617
39.075448,150,5081.053419
11.583323,150,5081.764271
24.137186,150,5082.510921
27.610979,150,5083.206876
17.33315,150,5083.836661
9.596842,150,5084.438348
19.434707,150,5085.106614
16.668901,150,5085.849184
19.93217,150,5086.595999
9.205929,150,5087.359051
36.113479,150,5089.743788
21.875138,150,5090.485268
27.795919,150,5091.105328
16.848662,150,5091.708961
25.349158,150,5092.388503
17.73777,150,5093.109
36.265063,150,5093.873813
-3.536734,150,5094.620704
16.176054,150,5095.382463
6.061393,150,5096.031438
19.650954,150,5096.655737
14.710904,150,5097.340626
21.51633,150,5098.065848
15.55115,150,5098.819526
35.087703,150,5101.195509
16.712979,150,5101.869373
31.598471,150,5102.571093
7.731853,150,5103.18808
19.193917,150,5103.812148
12.192401,150,5104.536378
1.491016,150,5105.323461
31.366563,150,5106.079356
30.029003,150,5106.801437
18.59358,150,5107.518854
4.606329,150,5108.157464
24.201217,150,5108.781248
14.043976,150,5109.439581
9.353187,150,5110.192109
4.137766,150,5112.576081
34.213645,150,5113.289846
8.789003,150,5114.06179
18.587133,150,5114.694024
5.611683,150,5115.319155
16.97925,150,5115.979131
14.399934,150,5116.696854
5.312234,150,5117.397688
33.757893,150,5118.118367
24.506089,150,5118.847018
30.626896,150,5119.576458
12.671483,150,5120.187715
19.574969,150,5120.811112
21.057619,150,5123.088653
31.10559,150,5123.780127
35.908475,150,5124.481172
23.791849,150,5125.22557
14.402004,150,5125.915085
13.875849,150,5126.520489
38.19574,150,5127.123614
29.99806,150,5127.854499
23.84302,150,5128.570361
-1.988733,150,5129.351686
33.790201,150,5130.143414
17.043905,150,5130.928588
37.783589,150,5131.669229
28.138499,150,5132.347853
29.73114,150,5134.628963
19.648735,150,5135.372697
14.723305,150,5136.093618
16.826739,150,5136.840452
15.04868,150,5137.527774
7.017262,150,5138.143419
7.325842,150,5138.75381
9.760346,150,5139.467578
20.033614,150,5140.331489
26.980605,150,5141.146484
17.487818,150,5141.949636
28.816713,150,5142.782652
6.784698,150,5143.636787
16.724536,150,5144.453952
9.104004,150,5146.916467
38.590168,150,5147.776512
30.927229,150,5148.573868
34.709088,150,5149.359373
24.050875,150,5150.116123
14.59581,150,5150.742322
37.122544,150,5151.356888
25.551369,150,5152.005316
10.450965,150,5152.709139
22.966708,150,5153.436248
11.825575,150,5154.139882
26.244904,150,5154.877306
33.442589,150,5155.625504
12.07257,150,5157.970253
37.42042,150,5158.579222
19.845314,150,5159.258269
37.766928,150,5159.989669
38.561299,150,5160.740914
11.008861,150,5161.488852
-7.26585,150,5162.167982
19.87297,150,5162.820193
-2.921121,150,5163.430184
31.394362,150,5164.15134
17.896311,150,5164.90574
6.568255,150,5165.660837
34.180677,150,5166.388257
17.989471,150,5167.101097
4.594212,150,5169.466648
17.523181,150,5170.115566
17.940898,150,5170.762222
7.659292,150,5171.476276
9.059783,150,5172.230874
8.036748,150,5172.989563
15.431967,150,5173.70815
24.829066,150,5174.348335
18.069152,150,5174.982528
18.391585,150,5175.679744
20.921084,150,5176.396423
16.711708,150,5177.122526
18.689042,150,5177.923862
11.873838,150,5178.657325
38.141676,150,5180.979174
26.075049,150,5181.667071
4.831236,150,5182.278184
11.389764,150,5182.913135
21.323589,150,5183.572154
39.769344,150,5184.296179
14.957969,150,5185.080409
35.480546,150,5185.715997
29.241665,150,5186.343988
23.526175,150,5186.935778
9.812499,150,5187.666075
10.253287,150,5188.393175
10.719249,150,5189.109235
12.114291,150,5191.462677
23.381449,150,5192.189553
2.924801,150,5192.902911
16.095095,150,5193.64445
6.463535,150,5194.26172
8.20375,150,5194.928091
36.028809,150,5195.644935
30.848464,150,5196.395896
22.287419,150,5197.14413
14.769437,150,5197.778425
14.30929,150,5198.377779
20.76149,150,5199.002812
4.159294,150,5199.727664
20.390007,150,5200.449324
5.542328,150,5202.85397
16.457573,150,5203.600127
19.405306,150,5204.376219
33.382967,150,5205.148344
18.928393,150,5205.8772
2.524137,150,5206.527717
25.694647,150,5207.166052
11.718213,150,5207.82156
7.505943,150,5208.569402
37.411983,150,5209.257312
12.404098,150,5209.859997
39.069654,150,5210.46285
9.173096,150,5211.165769
22.810408,150,5211.896086
13.427715,150,5214.278628
14.899948,150,5215.060274
32.865179,150,5215.854132
5.334367,150,5216.594634
30.289055,150,5217.344616
13.136756,150,5218.059525
25.33863,150,5218.650149
-9.700768,150,5219.297066
22.987129,150,5220.040109
35.766849,150,5220.747708
20.953785,150,5221.416423
16.409041,150,5222.087366
4.535755,150,5222.762921
10.575593,150,5225.138448
23.730695,150,5225.862633
10.885618,150,5226.608607
36.526729,150,5227.361731
22.413881,150,5228.103174
21.185906,150,5228.823615
19.179138,150,5229.597974
18.044504,150,5230.292778
35.528059,150,5230.902335
23.599741,150,5231.550897
24.126544,150,5232.257579
15.162906,150,5232.968314
20.231638,150,5233.565348
29.124773,150,5234.196517
16.556792,150,5236.563181
16.736892,150,5237.326076
29.566015,150,5238.065441
22.145699,150,5238.79237
22.296252,150,5239.526621
8.553032,150,5240.241043
26.837489,150,5240.970038
13.091133,150,5241.681091
30.093492,150,5242.391367
31.841639,150,5243.029212
10.16408,150,5243.632627
15.847379,150,5244.316047
22.186613,150,5245.03246
21.655931,150,5247.259792
25.71571,150,5247.946161
12.701721,150,5248.68193
1.359731,150,5249.425883
13.157416,150,5250.166017
7.235143,150,5250.900237
34.125904,150,5251.614668
16.173881,150,5252.287095
15.589747,150,5253.054275
23.157298,150,5253.774186
30.225297,150,5254.464375
28.748537,150,5255.114064
20.21568,150,5255.767287
24.38092,150,5256.448402
22.541228,150,5258.712166
36.224569,150,5259.437793
29.828906,150,5260.211285
35.273753,150,5260.934891
15.367373,150,5261.70793
7.675233,150,5262.479402
31.354566,150,5263.207741
31.566917,150,5263.903282
16.076138,150,5264.652917
27.284609,150,5265.396214
4.15762,150,5266.153465
15.395793,150,5266.790211
35.058154,150,5267.411065
14.02516,150,5268.067688
18.802073,150,5270.274165
17.277079,150,5271.005342
9.341858,150,5271.766572
14.188315,150,5272.529245
8.932641,150,5273.266476
33.956456,150,5274.027182
17.944374,150,5274.802251
34.069511,150,5275.594107
26.998953,150,5276.371177
5.137644,150,5277.141931
0.783151,150,5277.884489
21.52877,150,5278.57348
19.068454,150,5279.227464
15.421945,150,5281.437836
8.753856,150,5282.071373
27.841719,150,5282.777873
32.133277,150,5283.48503
22.743302,150,5284.218479
3.834151,150,5284.956611
33.325346,150,5285.656507
11.810739,150,5286.407163
12.435481,150,5287.124423
26.894925,150,5287.860802
9.9592,150,5288.59096
38.377088,150,5289.312869
8.842543,150,5290.092845
19.159201,150,5290.725589
0.791291,150,5292.901183
13.865035,150,5293.504063
19.876646,150,5294.16875
25.835923,150,5294.90595
17.639944,150,5295.648523
25.203371,150,5296.391794
12.679546,150,5297.104468
22.100955,150,5297.863575
6.26686,150,5298.571085
22.380382,150,5299.285988
11.942642,150,5300.050231
34.567487,150,5300.805533
32.487626,150,5301.530938
27.201666,150,5302.264274
18.991716,150,5304.410774
11.892767,150,5305.049023
-0.041742,150,5305.647518
38.346899,150,5306.368031
15.214302,150,5307.118698
23.033188,150,5307.859662
15.722506,150,5308.588687
3.259665,150,5309.32817
10.842838,150,5310.096906
36.116992,150,5310.838989
27.528406,150,5311.583804
18.675038,150,5312.339556
21.831527,150,5313.070295
21.655797,150,5315.417899
29.178384,150,5315.983977
17.475996,150,5316.508605
23.515691,150,5317.127397
27.964057,150,5317.808406
38.670502,150,5318.585033
33.613623,150,5319.326454
14.611931,150,5320.036344
10.652849,150,5320.770992
16.252142,150,5321.501568
-0.122086,150,5322.279772
17.252561,150,5323.042017
32.205778,150,5323.8154
38.879264,150,5324.557044
17.858846,150,5326.946137
1.855719,150,5327.530267
28.619748,150,5328.114956
25.133567,150,5328.607767
14.560296,150,5329.235935
14.452428,150,5329.885056
15.246792,150,5330.63629
3.362851,150,5331.388129
4.217262,150,5332.125348
26.166891,150,5332.894324
9.467141,150,5333.65157
10.319974,150,5334.354095
16.357691,150,5335.125554
9.07377,150,5335.865946
2.826192,150,5338.285248
15.364709,150,5339.013751
16.081352,150,5339.672711
13.543102,150,5340.253205
18.173131,150,5340.724813
34.850161,150,5341.340435
27.166184,150,5342.032744
12.917867,150,5342.752774
34.191514,150,5343.493596
18.082722,150,5344.234618
18.893599,150,5345.002526
22.08047,150,5345.708913
7.580301,150,5346.472135
20.918405,150,5348.882411
2.010233,150,5349.629906
13.703594,150,5350.408979
19.957738,150,5351.191778
6.13278,150,5351.846095
13.515503,150,5352.340748
23.442036,150,5352.801477
32.091083,150,5353.322229
21.644616,150,5354.029483
14.747056,150,5354.761677
16.476171,150,5355.510039
9.442295,150,5356.224225
13.726749,150,5356.957925
29.274631,150,5357.666567
25.131634,150,5360.165619
28.79185,150,5360.977532
33.843911,150,5361.781783
32.734807,150,5362.586265
22.881437,150,5363.411745
18.644979,150,5364.228871
29.594444,150,5364.836405
25.191518,150,5365.307531
38.764398,150,5365.775284
11.048685,150,5366.403747
10.443609,150,5367.149896
18.983842,150,5367.893598
5.052668,150,5368.598148
20.444282,150,5369.345099
24.400304,150,5371.686593
27.959388,150,5372.418409
14.413347,150,5373.152764
8.079737,150,5373.889834
24.787276,150,5374.566086
14.474862,150,5375.337663
10.511295,150,5376.050528
9.717553,150,5376.684056
14.465181,150,5377.189415
21.148813,150,5377.65217
13.544117,150,5378.193734
31.728696,150,5378.933298
29.341554,150,5379.691654
33.090637,150,5382.082364
9.333305,150,5382.779407
16.759446,150,5383.514475
27.988226,150,5384.277339
30.016558,150,5385.01257
21.310962,150,5385.771946
14.678205,150,5386.499071
9.604356,150,5387.265605
-5.749969,150,5388.008782
5.125761,150,5388.746452
26.510565,150,5389.256298
11.552424,150,5389.75265
18.746611,150,5390.231718
9.151676,150,5390.954405
25.304634,150,5393.345598
14.179255,150,5394.082901
10.645682,150,5394.836353
9.077209,150,5395.576235
15.971759,150,5396.299668
4.011032,150,5397.011403
15.641781,150,5397.742292
6.800594,150,5398.503088
30.803203,150,5399.232288
4.884496,150,5399.975422
6.676094,150,5400.68322
2.546149,150,5401.216932
10.24717,150,5401.686316
8.643102,150,5402.163948
12.705194,150,5404.494101
25.279696,150,5405.256932
31.008365,150,5406.013282
25.357756,150,5406.711648
34.114391,150,5407.446863
14.75552,150,5408.192363
21.988595,150,5408.928766
19.342533,150,5409.670896
38.219426,150,5410.427507
15.877917,150,5411.146014
14.477185,150,5411.869358
25.934225,150,5412.569857
4.952611,150,5413.206059
7.263328,150,5415.203617
17.265564,150,5415.953561
5.052989,150,5416.691498
3.950296,150,5417.445596
24.840783,150,5418.159161
6.174688,150,5418.89175
15.598345,150,5419.601282
18.877679,150,5420.34282
14.88293,150,5421.083761
18.807096,150,5421.840158
3.565645,150,5422.537158
38.028225,150,5423.252404
30.838503,150,5423.992694
3.198203,150,5424.738213
16.325364,150,5426.736644
39.336529,150,5427.495656
14.218715,150,5428.234649
16.054168,150,5428.975708
17.622592,150,5429.721206
26.327762,150,5430.464968
14.111349,150,5431.205898
5.435078,150,5431.949828
17.593402,150,5432.636173
-1.976846,150,5433.324934
23.185428,150,5434.047024
23.456002,150,5434.786175
31.770846,150,5435.548648
19.548227,150,5436.296446
20.542767,150,5438.333687
22.761604,150,5438.977417
4.421844,150,5439.730784
24.190985,150,5440.494065
21.374633,150,5441.237469
31.654471,150,5441.954182
4.075955,150,5442.697342
6.631161,150,5443.454082
14.108522,150,5444.216322
32.384403,150,5444.965324
32.689932,150,5445.676192
7.716168,150,5446.39778
0.881384,150,5447.193783
9.4791,150,5449.441353
13.82957,150,5449.908684
32.560482,150,5450.508159
9.156716,150,5451.116804
9.241959,150,5451.885927
35.774244,150,5452.692456
6.131822,150,5453.493633
32.319163,150,5454.31687
25.055489,150,5455.156927
32.974363,150,5455.950231
23.686943,150,5456.739462
3.025053,150,5457.530822
0.520935,150,5458.346637
11.590388,150,5459.118567
33.094219,150,5461.650693
24.592472,150,5462.341428
9.020402,150,5462.855227
23.891554,150,5463.44166
33.839113,150,5464.062797
23.388748,150,5464.776962
9.693474,150,5465.530414
15.972535,150,5466.290587
17.950984,150,5467.019868
15.352696,150,5467.756349
19.104193,150,5468.459343
37.52321,150,5469.202327
30.540087,150,5469.916371
7.24478,150,5470.663164
13.673579,150,5473.04155
16.364853,150,5473.723591
19.828616,150,5474.326079
14.926147,150,5474.912835
30.40933,150,5475.492321
13.414179,150,5476.100695
22.085092,150,5476.732433
19.246062,150,5477.475111
25.426386,150,5478.16844
13.285644,150,5478.919212
14.160825,150,5479.661367
26.099794,150,5480.399268
35.059751,150,5481.132472
30.666995,150,5483.555714
23.04616,150,5484.286419
21.879219,150,5485.028363
28.150308,150,5485.664287
15.044401,150,5486.278323
15.893562,150,5486.897689
20.205354,150,5487.537497
31.438162,150,5488.217095
10.778585,150,5488.881828
11.411876,150,5489.605031
20.27427,150,5490.344775
29.422087,150,5491.084945
20.846474,150,5491.809158
10.483794,150,5492.568296
6.512904,150,5494.909345
29.5238,150,5495.617942
30.030357,150,5496.403936
22.476257,150,5497.111664
27.268505,150,5497.743365
21.065647,150,5498.382345
26.261916,150,5499.065786
7.847792,150,5499.678447
21.702064,150,5500.326745
17.891939,150,5501.001954
8.588032,150,5501.743989
9.688348,150,5502.482291
10.728585,150,5503.230786
10.592453,150,5503.973163
4.955308,150,5506.339471
3.841871,150,5507.059918
25.397188,150,5507.753538
18.550359,150,5508.497125
28.946692,150,5509.146852
17.118255,150,5509.737899
15.924151,150,5510.386733
6.25701,150,5511.126826
11.491956,150,5511.74149
18.690635,150,5512.38008
6.627033,150,5513.030425
20.073636,150,5513.741482
23.132048,150,5514.496696
35.647148,150,5516.881516
18.816472,150,5517.616078
11.629137,150,5518.351366
25.678931,150,5519.097702
23.14646,150,5519.795857
10.939183,150,5520.482777
31.171719,150,5521.107276
19.568767,150,5521.726306
22.441203,150,5522.408777
28.362376,150,5523.169049
35.961063,150,5523.831604
29.951429,150,5524.454037
18.643465,150,5525.115691
11.741187,150,5525.868749
10.31342,150,5528.264267
15.414009,150,5529.009445
1.457816,150,5529.73815
14.310259,150,5530.494333
19.996077,150,5531.203784
9.744513,150,5531.953138
9.31349,150,5532.625843
21.859246,150,5533.221356
26.433003,150,5533.844006
32.077233,150,5534.533539
16.065161,150,5535.265356
22.812051,150,5535.909488
23.814559,150,5536.544716
31.089888,150,5538.815176
9.595959,150,5539.517829
14.93202,150,5540.280034
20.266656,150,5541.03305
4.20469,150,5541.770937
10.512535,150,5542.478661
32.486146,150,5543.227875
12.667519,150,5543.960748
11.102929,150,5544.58341
7.439862,150,5545.17006
24.73511,150,5545.783066
22.89121,150,5546.544787
0.801433,150,5547.255577
22.01089,150,5547.926926
24.0132,150,5550.152907
2.863977,150,5550.870922
30.850502,150,5551.597926
23.572182,150,5552.329837
31.181856,150,5553.066958
15.527613,150,5553.7892
7.906326,150,5554.505595
3.070161,150,5555.257317
-0.122163,150,5555.973939
10.55931,150,5556.58301
1.98503,150,5557.23274
18.282351,150,5557.952693
5.268799,150,5558.674649
3.842005,150,5559.419816
29.374066,150,5561.593951
30.460737,150,5562.373365
4.268453,150,5563.123367
28.161816,150,5563.818174
20.186916,150,5564.524139
18.291844,150,5565.25435
28.974629,150,5566.01353
9.315814,150,5566.757556
17.728647,150,5567.500172
16.241849,150,5568.139516
24.676695,150,5568.763278
9.39505,150,5569.453528
13.750782,150,5570.204653
22.909575,150,5572.524614
35.256871,150,5573.128214
9.041104,150,5573.745179
36.941859,150,5574.439932
15.391379,150,5575.200952
10.335011,150,5575.976904
8.948898,150,5576.659113
39.011522,150,5577.409376
30.625457,150,5578.13777
27.857646,150,5578.848145
18.417753,150,5579.571934
11.393282,150,5580.204261
13.782211,150,5580.831862
36.851118,150,5581.526162
31.3291,150,5583.95641
28.592625,150,5584.630194
20.628249,150,5585.252213
-1.021625,150,5585.85218
29.562447,150,5586.573082
6.140586,150,5587.27749
17.268884,150,5588.025213
28.37465,150,5588.733708
13.56314,150,5589.45621
11.291605,150,5590.202111
13.125498,150,5590.962255
23.093914,150,5591.675467
16.392431,150,5592.347867
23.438514,150,5593.00458
36.897355,150,5595.395177
7.38058,150,5596.114135
17.239764,150,5596.792338
7.170214,150,5597.399231
12.436965,150,5598.00824
31.737243,150,5598.705413
27.184487,150,5599.433228
14.692067,150,5600.200006
23.74043,150,5600.913799
37.473408,150,5601.656319
20.004598,150,5602.352923
30.639986,150,5603.065084
20.84184,150,5603.704639
15.321767,150,5605.992364
9.180939,150,5606.690584
11.187519,150,5607.408174
18.596805,150,5608.148799
29.374303,150,5608.834633
18.166839,150,5609.482938
32.348911,150,5610.109861
0.092498,150,5610.802652
34.503594,150,5611.555355
17.553777,150,5612.338047
30.41137,150,5613.084382
19.437884,150,5613.848051
16.785188,150,5614.594348
9.150693,150,5615.319822
18.606155,150,5617.583728
31.772515,150,5618.303164
19.399429,150,5619.033201
4.131215,150,5619.796405
13.105152,150,5620.538937
7.32301,150,5621.20804
38.484241,150,5621.83763
14.764106,150,5622.451313
17.616796,150,5623.164149
25.099312,150,5623.877075
34.555297,150,5624.632685
4.233773,150,5625.386885
1.888544,150,5626.133202
35.657487,150,5626.817168
10.399873,150,5629.040365
15.238259,150,5629.769653
8.931162,150,5630.508207
24.611971,150,5631.220951
20.147845,150,5631.915428
20.832951,150,5632.681357
35.004748,150,5633.296549
7.09161,150,5633.940764
27.281092,150,5634.590359
31.645029,150,5635.325547
3.628568,150,5636.040524
20.303217,150,5636.732687
18.175636,150,5637.472285
22.431781,150,5639.797718
9.36028,150,5640.419737
29.376883,150,5641.153382
0.391062,150,5641.927778
12.488458,150,5642.680299
35.92891,150,5643.370107
30.50999,150,5644.087344
26.142958,150,5644.792904
18.934587,150,5645.422134
12.864241,150,5646.056825
23.404658,150,5646.767814
18.832757,150,5647.487052
19.75703,150,5648.230159
16.095506,150,5648.981363
17.19701,150,5651.276182
3.96938,150,5651.881976
7.283308,150,5652.49957
2.589977,150,5653.254577
22.068846,150,5653.984875
30.513369,150,5654.720198
18.243953,150,5655.465178
17.275153,150,5656.18198
36.046268,150,5656.888804
16.788184,150,5657.494675
10.966569,150,5658.111828
1.242979,150,5658.780484
30.054562,150,5659.505221
25.422758,150,5660.280208
14.545387,150,5662.570997
36.480685,150,5663.230498
17.240278,150,5663.870561
22.866876,150,5664.525076
22.275285,150,5665.293031
26.130719,150,5666.052523
7.792182,150,5666.785825
11.017224,150,5667.521293
17.47449,150,5668.35727
24.457243,150,5669.115158
19.773996,150,5669.810232
15.495791,150,5670.538285
28.897235,150,5671.34702
26.923627,150,5673.891061
33.343857,150,5674.583593
17.65175,150,5675.285408
20.071691,150,5675.879897
18.326477,150,5676.457573
36.349691,150,5677.170788
5.785812,150,5677.915587
37.820686,150,5678.666618
20.786311,150,5679.416496
18.877074,150,5680.164252
27.466762,150,5680.900041
13.472733,150,5681.623266
23.51912,150,5682.24473
19.961372,150,5682.904388
10.925366,150,5685.235102
21.860591,150,5686.012296
10.547411,150,5686.783912
8.078591,150,5687.482132
15.892264,150,5688.130674
12.900025,150,5688.741751
20.751935,150,5689.453621
32.722485,150,5690.217071
34.338635,150,5690.97727
10.039372,150,5691.726365
30.042939,150,5692.467303
9.024383,150,5693.154746
21.341624,150,5693.864291
12.302868,150,5694.494231
28.671468,150,5696.772167
2.760586,150,5697.51304
25.448119,150,5698.259503
31.551495,150,5698.954025
25.426656,150,5699.606626
22.236837,150,5700.240494
30.507054,150,5700.898906
19.254027,150,5701.601202
32.426877,150,5702.310192
19.150712,150,5703.041386
28.554781,150,5703.768413
17.322914,150,5704.52249
16.430374,150,5705.273818
10.480487,150,5707.519045
17.595544,150,5708.241828
37.474199,150,5708.983517
24.199235,150,5709.724869
17.279578,150,5710.451929
28.036758,150,5711.06964
11.939572,150,5711.690572
20.704813,150,5712.403549
36.302289,150,5713.111685
32.588888,150,5713.869792
22.748895,150,5714.603759
38.315028,150,5715.364156
34.046752,150,5716.130388
23.451608,150,5716.858124
15.681223,150,5719.134621
16.966455,150,5719.773939
10.708511,150,5720.5023
13.986858,150,5721.230135
1.790392,150,5722.003951
38.804342,150,5722.661736
6.45,150,5723.303126
11.957672,150,5723.979126
5.527375,150,5724.704018
16.945647,150,5725.445716
9.973347,150,5726.183106
24.573867,150,5726.936842
18.224037,150,5727.668738
13.809876,150,5728.408137
5.651838,150,5730.685771
13.265826,150,5731.306799
26.099599,150,5731.903684
18.581505,150,5732.612131
13.011879,150,5733.327702
27.104446,150,5733.994606
7.852303,150,5734.619407
18.588074,150,5735.235018
9.654068,150,5735.968664
20.411607,150,5736.71509
39.753669,150,5737.454594
26.705401,150,5738.216049
18.391307,150,5739.014482
8.707228,150,5741.425836
11.776354,150,5742.196587
5.077544,150,5742.874673
10.027488,150,5743.492001
31.134924,150,5744.144579
14.033871,150,5744.91568
21.350677,150,5745.640419
21.98749,150,5746.289227
24.046999,150,5746.913657
20.906202,150,5747.56723
12.31485,150,5748.292644
21.128339,150,5749.039208
31.038622,150,5749.761917
19.021371,150,5750.493782
23.266724,150,5752.912694
15.317812,150,5753.606987
19.421931,150,5754.326255
13.980309,150,5755.051328
20.149178,150,5755.696353
16.963747,150,5756.309436
3.748721,150,5757.02586
20.973786,150,5757.745986
19.96635,150,5758.403649
21.633834,150,5759.064744
13.592355,150,5759.792706
31.34574,150,5760.524502
24.405386,150,5761.31526
6.792287,150,5762.013468
37.382556,150,5764.469978
9.088529,150,5765.297781
17.29124,150,5766.13688
16.401224,150,5766.970877
26.534819,150,5767.730809
35.284068,150,5768.43434
22.034334,150,5769.144802
26.046833,150,5769.908043
21.029238,150,5770.657064
14.137542,150,5771.342691
6.522914,150,5772.056491
19.773309,150,5772.854304
19.123493,150,5773.666275
4.782257,150,5776.078511
34.801619,150,5776.827878
12.391739,150,5777.534408
8.723825,150,5778.277691
12.252579,150,5779.021411
4.152562,150,5779.75134
4.175999,150,5780.436627
29.716157,150,5781.057654
23.187478,150,5781.668702
0.166916,150,5782.392742
18.643611,150,5783.03143
26.791007,150,5783.645183
14.012141,150,5784.317366
28.685469,150,5785.123847
19.632581,150,5787.48461
26.023058,150,5788.252709
29.136122,150,5788.975875
13.455617,150,5789.698004
29.029831,150,5790.457239
20.349596,150,5791.19608
0.5819,150,5791.960687
27.312061,150,5792.647349
8.801983,150,5793.268877
9.669872,150,5793.876838
22.088934,150,5794.552949
39.211947,150,5795.221441
31.185105,150,5795.872692
18.378869,150,5796.577843
16.395046,150,5798.931507
12.019529,150,5799.692603
28.008928,150,5800.387089
6.12486,150,5801.144252
28.634116,150,5801.894907
21.890354,150,5802.642266
35.914722,150,5803.405383
37.47373,150,5804.173174
29.197826,150,5804.855145
36.332591,150,5805.4806
14.614058,150,5806.165802
29.712916,150,5806.830111
8.343043,150,5807.470533
21.50472,150,5809.820298
15.757158,150,5810.566304
17.227415,150,5811.280252
15.00081,150,5811.98714
11.934132,150,5812.680733
13.501646,150,5813.409802
20.444094,150,5814.128256
22.3149,150,5814.859282
29.865136,150,5815.613887
25.502505,150,5816.33021
8.364984,150,5816.957454
20.850967,150,5817.575937
8.805116,150,5818.193418
28.424755,150,5818.836447
18.395384,150,5821.071
22.187049,150,5821.805745
12.758163,150,5822.534076
27.964033,150,5823.262809
5.910674,150,5823.982241
19.324537,150,5824.697649
25.131355,150,5825.425453
16.575438,150,5826.176785
28.062755,150,5826.885118
23.562823,150,5827.599863
20.889205,150,5828.323757
27.874722,150,5829.018056
20.172239,150,5829.652135
0.790136,150,5831.829654
14.602947,150,5832.519604
23.687132,150,5833.265737
19.126629,150,5833.976904
37.567221,150,5834.70897
19.836074,150,5835.422986
38.14866,150,5836.135835
11.940224,150,5836.816305
22.666168,150,5837.550705
18.325301,150,5838.293087
23.757423,150,5838.989421
18.967257,150,5839.691677
14.777278,150,5840.410121
24.804627,150,5841.025772
25.33357,150,5843.14865
10.824976,150,5843.761319
15.920039,150,5844.480106
22.10607,150,5845.2046
27.439742,150,5845.931865
35.242047,150,5846.615812
30.459931,150,5847.366245
18.481886,150,5848.113693
9.751402,150,5848.858692
18.731829,150,5849.581962
11.192528,150,5850.308332
26.19947,150,5851.023223
7.287495,150,5851.761102
30.79742,150,5852.437817
20.07099,150,5854.548909
12.771715,150,5855.257977
8.614355,150,5856.090315
26.225805,150,5856.886219
32.570386,150,5857.693389
20.96959,150,5858.465646
12.853759,150,5859.268795
11.858584,150,5860.048529
5.141517,150,5860.848973
23.374269,150,5861.662591
39.923244,150,5862.456717
21.200515,150,5863.221266
21.114861,150,5863.981865
9.166311,150,5866.206476
14.291829,150,5866.848174
20.262492,150,5867.515987
17.283908,150,5868.25875
26.605722,150,5869.000844
19.195394,150,5869.74385
13.259864,150,5870.534981
19.332375,150,5871.309881
16.513582,150,5872.078233
25.835718,150,5872.848794
24.19741,150,5873.625502
28.657693,150,5874.367681
6.358743,150,5875.14155
27.007468,150,5875.869508
18.605263,150,5878.11527
20.461852,150,5878.591154
19.513274,150,5879.18065
27.979323,150,5879.86668
14.931449,150,5880.601843
11.47269,150,5881.362263
14.247708,150,5882.10666
21.662845,150,5882.824332
17.692202,150,5883.586734
10.671803,150,5884.312165
37.640473,150,5885.044047
19.98064,150,5885.790586
14.174332,150,5886.541387
20.759336,150,5887.276067
14.323957,150,5889.634697
21.927136,150,5890.220061
27.82431,150,5890.710951
21.947298,150,5891.218597
33.030443,150,5891.872878
29.470902,150,5892.580715
14.056809,150,5893.301638
5.535064,150,5894.03338
21.504794,150,5894.772779
7.231495,150,5895.516534
17.180385,150,5896.292693
18.910119,150,5897.08038
38.287661,150,5897.858751
22.544184,150,5900.27456
13.59189,150,5901.023358
21.295907,150,5901.792288
8.75869,150,5902.330515
17.325869,150,5902.786534
21.678395,150,5903.243905
18.422956,150,5903.781885
16.889427,150,5904.530909
25.825335,150,5905.303016
20.573786,150,5906.055049
21.053905,150,5906.827933
-13.590467,150,5907.56899
21.090326,150,5908.34379
3.999876,150,5909.088532
17.71704,150,5911.474599
17.547184,150,5912.246105
14.33857,150,5912.966674
6.764644,150,5913.727609
23.416142,150,5914.434385
18.650149,150,5914.910859
11.072709,150,5915.401286
35.561344,150,5915.930871
26.184386,150,5916.645422
13.206789,150,5917.362813
27.462102,150,5918.131523
-0.198956,150,5918.8822
36.383912,150,5919.620892
37.719226,150,5920.339819
16.871816,150,5922.697784
17.371205,150,5923.433732
12.373842,150,5924.174004
23.901341,150,5924.926722
8.979982,150,5925.692348
13.26776,150,5926.355874
19.423334,150,5926.886287
38.002211,150,5927.344878
25.665313,150,5927.868336
24.277247,150,5928.551824
11.788084,150,5929.268472
36.199736,150,5930.02756
18.591466,150,5930.730317
8.588789,150,5933.11348
17.511627,150,5933.804347
28.725271,150,5934.573746
18.969741,150,5935.288285
10.8961,150,5936.038033
9.362073,150,5936.718662
13.572162,150,5937.435841
17.832657,150,5938.115612
20.562627,150,5938.777054
-4.077647,150,5939.275727
17.138822,150,5939.809723
23.684409,150,5940.438751
6.265087,150,5941.194943
9.40262,150,5941.962855
5.877304,150,5944.321413
23.244269,150,5945.032573
37.171186,150,5945.791566
11.306504,150,5946.521437
12.996341,150,5947.281887
36.721214,150,5948.037275
3.584588,150,5948.786863
31.926441,150,5949.494472
0.723833,150,5950.223891
11.053584,150,5950.876458
20.234408,150,5951.38686
22.597498,150,5951.948017
30.442137,150,5952.562483
11.176825,150,5953.30137
24.430249,150,5955.658661
15.436626,150,5956.43359
8.2654,150,5957.157511
11.386827,150,5957.896652
28.186927,150,5958.66029
15.335847,150,5959.397882
16.042321,150,5960.120288
4.705978,150,5960.858324
28.287254,150,5961.587013
14.567572,150,5962.312622
29.179795,150,5963.007248
23.613532,150,5963.603125
26.99715,150,5964.221814
19.3757,150,5966.522953
15.152073,150,5967.247143
18.444584,150,5967.974126
24.26579,150,5968.7113
5.951256,150,5969.462481
12.544293,150,5970.164716
31.4244,150,5970.903366
10.971642,150,5971.630866
9.433726,150,5972.394503
14.594064,150,5973.155342
13.294868,150,5973.915084
19.129387,150,5974.521616
20.378366,150,5975.154168
33.824757,150,5975.852528
12.016216,150,5978.360966
27.984429,150,5979.204782
31.331071,150,5980.024787
-4.593911,150,5980.890116
16.546263,150,5981.715906
12.378867,150,5982.490629
13.299071,150,5983.267745
18.876946,150,5984.03395
20.524429,150,5984.800889
23.910167,150,5985.528374
28.862222,150,5986.276238
18.292657,150,5986.925144
12.486565,150,5987.553326
6.178286,150,5988.210177
13.533341,150,5990.420467
35.621206,150,5991.149744
23.26144,150,5991.886614
8.753593,150,5992.649461
28.240975,150,5993.396344
9.791888,150,5994.17491
34.768073,150,5994.96314
27.684164,150,5995.66432
26.825439,150,5996.355327
26.93773,150,5997.105775
24.114105,150,5997.837961
37.70315,150,5998.458435
16.556839,150,5999.083615
17.354815,150,6001.255084
14.306157,150,6001.858357
18.031168,150,6002.518965
13.739548,150,6003.265377
21.401049,150,6003.991762
5.611854,150,6004.728881
11.858512,150,6005.468854
16.943943,150,6006.208135
8.410189,150,6006.966546
14.994982,150,6007.688863
35.845012,150,6008.435807
28.038516,150,6009.187141
20.27137,150,6009.886171
20.267736,150,6010.507443
34.831096,150,6012.742351
31.29595,150,6013.376709
28.819975,150,6014.013325
20.755001,150,6014.600437
22.846672,150,6015.337159
13.686473,150,6016.091943
31.476474,150,6016.827276
24.537167,150,6017.562278
15.537209,150,6018.292967
22.26256,150,6018.989707
23.620934,150,6019.718857
23.869166,150,6020.461881
32.07078,150,6021.183948
20.369922,150,6021.857352
29.502012,150,6024.134716
35.714361,150,6024.796939
24.456294,150,6025.416745
25.421485,150,6026.071421
17.668821,150,6026.745839
16.371561,150,6027.481662
5.284837,150,6028.22523
22.781549,150,6028.982509
16.346188,150,6029.720488
15.636472,150,6030.476705
21.183881,150,6031.18735
28.250239,150,6031.903575
18.582911,150,6032.606717
10.511106,150,6034.895804
5.295519,150,6035.64382
-7.569801,150,6036.395308
17.130217,150,6037.078291
22.522417,150,6037.701344
10.9569,150,6038.352913
15.731941,150,6039.133881
10.262086,150,6039.84305
37.623222,150,6040.567093
-0.785783,150,6041.295533
14.499969,150,6042.03719
13.347896,150,6042.774933
23.417233,150,6043.538657
17.074173,150,6044.234236
15.565251,150,6046.549655
14.726782,150,6047.194742
5.229491,150,6047.929861
12.744342,150,6048.681909
17.390058,150,6049.311036
13.522818,150,6049.929501
23.775906,150,6050.564353
38.828604,150,6051.252271
11.420793,150,6051.986081
15.142681,150,6052.750423
25.282258,150,6053.543511
24.090137,150,6054.292017
19.103936,150,6055.034888
28.583381,150,6055.76862
34.886095,150,6058.042289
11.285594,150,6058.646724
22.416467,150,6059.3389
23.896181,150,6060.086007
28.556201,150,6060.84977
14.888613,150,6061.496716
21.883795,150,6062.1375
19.643772,150,6062.767301
20.552525,150,6063.513952
7.98737,150,6064.252557
9.897194,150,6065.000843
16.677553,150,6065.746761
8.728503,150,6066.465621
-0.858485,150,6068.831431
33.370586,150,6069.477024
26.02406,150,6070.150024
19.132794,150,6070.805585
16.80783,150,6071.516904
3.095055,150,6072.272043
15.499499,150,6073.023482
21.686843,150,6073.651135
30.996159,150,6074.279059
1.768166,150,6074.924545
29.680482,150,6075.664262
24.68475,150,6076.438303
13.624865,150,6077.264555
16.258393,150,6078.06073
18.698135,150,6080.647505
24.846434,150,6081.444279
10.801994,150,6082.156348
10.18809,150,6082.86753
30.512479,150,6083.57762
18.983335,150,6084.386943
4.111771,150,6085.190723
25.103686,150,6086.007834
16.928496,150,6086.651934
36.410052,150,6087.284528
4.684639,150,6087.913327
23.162064,150,6088.633544
25.593989,150,6089.36325
6.492025,150,6091.711557
17.466333,150,6092.403092
26.410389,150,6093.128796
12.153508,150,6093.829746
22.558589,150,6094.430141
11.801968,150,6095.050024
27.715742,150,6095.710296
31.312124,150,6096.454263
7.053288,150,6097.158737
21.43485,150,6097.860082
5.117653,150,6098.484779
7.254713,150,6099.120127
9.591323,150,6099.759739
16.690682,150,6100.509156
26.488513,150,6102.897337
17.945794,150,6103.614339
27.238151,150,6104.338788
27.429098,150,6105.096301
23.542504,150,6105.797554
29.715457,150,6106.376962
3.818715,150,6107.008216
21.385782,150,6107.691233
17.512405,150,6108.402729
35.088719,150,6109.139366
11.994537,150,6109.851959
14.364193,150,6110.471875
5.955205,150,6111.065709
34.95481,150,6111.668621
33.143507,150,6114.061045
24.842161,150,6114.815971
16.435161,150,6115.501793
35.810074,150,6116.225146
21.476189,150,6116.953865
17.470509,150,6117.601871
18.439812,150,6118.228291
9.476208,150,6118.857619
16.857303,150,6119.59012
21.059056,150,6120.325279
30.700693,150,6121.053625
18.586507,150,6121.794593
4.39497,150,6122.454351
37.018402,150,6124.704502
10.496492,150,6125.365908
7.853092,150,6126.077453
21.393856,150,6126.774118
22.479781,150,6127.470503
39.758594,150,6128.173021
18.270377,150,6128.874217
9.065674,150,6129.482187
30.39482,150,6130.117963
22.739279,150,6130.80483
9.75613,150,6131.580049
15.370102,150,6132.329685
20.574993,150,6133.010435
34.237606,150,6133.740969
30.693766,150,6136.037292
10.21834,150,6136.743864
19.627015,150,6137.483794
9.256183,150,6138.22849
13.896686,150,6138.995825
4.953481,150,6139.70311
12.837927,150,6140.417299
16.307971,150,6141.050612
16.37985,150,6141.660484
16.073822,150,6142.33497
34.128313,150,6143.076135
7.217085,150,6143.826762
32.88666,150,6144.5637
9.622076,150,6145.291507
15.59148,150,6147.509264
8.526085,150,6148.165778
20.523925,150,6148.934741
15.881598,150,6149.690155
16.414239,150,6150.408237
13.933249,150,6151.13527
19.234414,150,6151.848014
18.066891,150,6152.495099
21.927715,150,6153.122913
26.394283,150,6153.75617
19.283634,150,6154.470128
23.877325,150,6155.240454
22.447648,150,6155.971578
5.787392,150,6158.328359
26.587742,150,6158.92516
19.170212,150,6159.576004
16.962836,150,6160.237936
10.686631,150,6161.000993
30.957523,150,6161.731886
4.730822,150,6162.482446
35.573739,150,6163.210446
11.336492,150,6163.876903
15.028414,150,6164.525105
5.590593,150,6165.163516
11.03667,150,6165.851648
1.978074,150,6166.565397
36.731998,150,6167.305734
37.602063,150,6169.674094
29.947825,150,6170.414927
23.637095,150,6171.072217
38.906103,150,6171.658353
27.458704,150,6172.307467
16.133619,150,6173.033094
20.192095,150,6173.795854
35.736048,150,6174.507141
19.577447,150,6175.253874
-1.089248,150,6175.908818
13.707326,150,6176.535049
10.982231,150,6177.161239
35.442366,150,6177.866035
15.329289,150,6178.589643
26.968601,150,6180.948383
19.041322,150,6181.700407
27.41066,150,6182.457271
25.272661,150,6183.07952
29.622605,150,6183.71006
19.41359,150,6184.350819
39.385627,150,6185.101099
7.29073,150,6185.832561
36.598519,150,6186.578085
24.121925,150,6187.335273
21.151409,150,6187.970601
1.102111,150,6188.574369
31.908183,150,6189.214995
24.202206,150,6191.590914
25.105281,150,6192.333583
24.146056,150,6193.024673
16.801492,150,6193.752752
13.587674,150,6194.498333
22.451678,150,6195.162161
3.474438,150,6195.775807
13.607229,150,6196.426729
20.890719,150,6197.142653
7.952086,150,6197.86088
18.774925,150,6198.573873
4.27421,150,6199.305612
26.725949,150,6199.951216
19.418596,150,6200.600763
13.337236,150,6202.933168
12.823566,150,6203.641173
18.642682,150,6204.372652
19.528166,150,6205.107295
24.279898,150,6205.825917
37.400537,150,6206.555897
27.293974,150,6207.157056
17.954567,150,6207.764425
12.153221,150,6208.448968
13.561567,150,6209.189786
35.752583,150,6209.932872
29.334556,150,6210.659443
20.076094,150,6211.310822
26.511549,150,6211.92667
27.342056,150,6214.228147
14.393843,150,6214.967159
17.256488,150,6215.702341
23.2951,150,6216.48081
7.373214,150,6217.219463
5.517201,150,6217.930571
13.619529,150,6218.620331
11.413113,150,6219.236456
12.989555,150,6219.866235
25.569478,150,6220.563429
17.471566,150,6221.302454
20.421993,150,6222.036855
18.485768,150,6222.715287
19.79791,150,6224.908873
22.39031,150,6225.614177
4.503673,150,6226.336927
20.946892,150,6227.081535
15.604763,150,6227.819442
36.712849,150,6228.550806
9.545493,150,6229.27497
6.545163,150,6230.000064
16.078019,150,6230.688127
0.626132,150,6231.302642
22.594951,150,6231.931695
5.400952,150,6232.673007
23.290343,150,6233.366071
31.933749,150,6234.113168
17.659644,150,6236.349934
1.638548,150,6237.071907
27.193782,150,6237.804408
22.364289,150,6238.542655
30.804305,150,6239.265388
22.048286,150,6239.98631
11.41045,150,6240.717312
35.390761,150,6241.481322
21.687461,150,6242.217096
6.467091,150,6242.837721
11.978508,150,6243.443062
16.795357,150,6244.12539
23.097079,150,6244.905978
25.045032,150,6245.624519
24.203547,150,6247.808397
27.957015,150,6248.516259
38.27162,150,6249.267668
5.106679,150,6250.021464
39.16751,150,6250.812879
18.266165,150,6251.533734
13.874248,150,6252.326162
2.273005,150,6252.987542
3.262245,150,6253.711698
14.109424,150,6254.386866
27.849484,150,6255.013399
17.304342,150,6255.631145
19.42794,150,6256.32807
36.243004,150,6258.603035
19.343408,150,6259.230458
17.823658,150,6259.883326
24.249796,150,6260.630689
27.361521,150,6261.349257
20.64439,150,6262.107349
16.554173,150,6262.872778
23.576003,150,6263.586437
19.60269,150,6264.354956
13.119523,150,6265.069885
27.453785,150,6265.793307
13.490143,150,6266.412357
16.222045,150,6267.057929
16.517861,150,6267.671117
22.087372,150,6269.969783
14.491562,150,6270.565009
17.3959,150,6271.215211
21.044431,150,6271.961117
16.892162,150,6272.707058
25.369125,150,6273.449439
1.853293,150,6274.141783
29.023394,150,6274.9383
31.009464,150,6275.67215
17.724867,150,6276.399292
13.57978,150,6277.125863
23.50147,150,6277.846353
8.032594,150,6278.508146
7.596345,150,6279.143218
26.106939,150,6281.440122
26.877636,150,6282.056445
23.112703,150,6282.686392
21.754068,150,6283.377554
20.451897,150,6284.152016
16.878419,150,6284.996185
23.899233,150,6285.823817
25.660861,150,6286.676169
30.252556,150,6287.501378
33.794516,150,6288.322258
37.244524,150,6289.145142
23.432367,150,6289.874925
18.101869,150,6290.616731
15.742859,150,6292.864482
32.22458,150,6293.555056
21.972178,150,6294.171003
20.583369,150,6294.809742
21.149517,150,6295.458526
20.735955,150,6296.199001
20.068611,150,6296.894174
34.487486,150,6297.608456
26.719664,150,6298.333461
13.701171,150,6299.04871
20.268261,150,6299.784125
16.446102,150,6300.499929
21.138163,150,6301.22382
17.777098,150,6301.968682
11.157582,150,6304.194785
21.480183,150,6304.812174
3.694241,150,6305.50869
35.727622,150,6306.113481
32.008884,150,6306.72521
21.307455,150,6307.436157
28.871317,150,6308.212601
9.363154,150,6308.954703
14.564055,150,6309.674257
17.86541,150,6310.422235
22.01463,150,6311.150594
21.588562,150,6311.890386
35.862034,150,6312.629247
24.806069,150,6313.36574
3.440534,150,6315.716158
18.497206,150,6316.320526
18.151907,150,6316.958822
22.80659,150,6317.558561
23.157454,150,6318.176414
22.004009,150,6318.812151
12.947573,150,6319.488335
31.163029,150,6320.21118
4.132385,150,6320.941036
6.687424,150,6321.614772
16.867033,150,6322.339479
20.045462,150,6323.058389
20.552666,150,6323.806289
7.092413,150,6326.17803
21.022827,150,6326.910566
20.358433,150,6327.645979
21.594177,150,6328.271443
15.106571,150,6328.875461
19.224262,150,6329.425447
1.823407,150,6330.047024
25.750311,150,6330.665128
32.051713,150,6331.392398
26.560914,150,6332.131543
27.568393,150,6332.871408
18.74622,150,6333.600801
8.174332,150,6334.353535
14.302366,150,6335.084527
8.610495,150,6337.450133
20.851682,150,6338.186448
23.134104,150,6338.933185
17.619392,150,6339.685713
23.454787,150,6340.346271
18.820797,150,6341.014286
18.671032,150,6341.506914
20.740898,150,6342.068806
13.696563,150,6342.687508
5.340062,150,6343.416578
4.969756,150,6344.164093
21.393209,150,6344.905823
8.236169,150,6345.609825
27.470187,150,6346.331043
20.442815,150,6348.623341
18.076147,150,6349.343988
8.377647,150,6350.075834
12.963373,150,6350.786615
21.942085,150,6351.514111
18.119574,150,6352.24412
23.479419,150,6352.851705
11.74846,150,6353.389631
8.864755,150,6353.879304
28.843503,150,6354.499335
14.926095,150,6355.170786
21.376218,150,6355.869412
17.450929,150,6356.590375
2.582107,150,6358.928153
-0.554281,150,6359.652795
17.094422,150,6360.355274
39.126432,150,6361.060081
19.735217,150,6361.795218
34.290829,150,6362.516558
17.483804,150,6363.260234
25.002269,150,6364.000209
9.229506,150,6364.66687
25.159819,150,6365.207409
9.663158,150,6365.642067
31.075303,150,6366.196797
13.934887,150,6366.858938
22.819562,150,6367.599048
5.140114,150,6369.948805
34.349489,150,6370.680969
18.35524,150,6371.441644
27.816024,150,6372.168464
24.788625,150,6372.922836
8.834202,150,6373.616018
20.596254,150,6374.320588
10.167018,150,6375.060806
7.254881,150,6375.763904
14.012357,150,6376.426944
30.934806,150,6376.967312
24.069799,150,6377.437898
25.455014,150,6377.915257
10.137577,150,6380.194209
20.643936,150,6380.889827
11.743011,150,6381.571466
37.60518,150,6382.3154
21.933409,150,6383.060799
8.567826,150,6383.810741
10.079235,150,6384.546033
7.045197,150,6385.261359
11.138248,150,6385.991286
20.264103,150,6386.691484
24.715698,150,6387.416225
8.850113,150,6388.186864
25.18535,150,6388.792091
20.248519,150,6389.322547
17.772222,150,6391.618021
26.694631,150,6392.453858
13.105198,150,6393.245036
37.132374,150,6394.047934
32.814695,150,6394.872312
4.713493,150,6395.710647
27.754923,150,6396.508176
13.42788,150,6397.315055
31.852573,150,6398.118079
12.738229,150,6398.839374
16.318331,150,6399.588415
34.713036,150,6400.330299
13.758905,150,6401.06825
16.834284,150,6401.673171
9.519703,150,6403.675579
19.822216,150,6404.401126
18.179925,150,6405.12226
7.776844,150,6405.860491
37.728632,150,6406.605919
27.383478,150,6407.354227
13.666582,150,6408.059161
13.175207,150,6408.76902
13.010217,150,6409.507817
19.079423,150,6410.270709
33.110882,150,6411.023994
9.141136,150,6411.787935
6.797982,150,6412.506724
21.239457,150,6414.702617
8.512507,150,6415.299079
28.992216,150,6416.077312
31.864576,150,6416.797845
19.681875,150,6417.51949
19.717146,150,6418.282384
30.974353,150,6419.023246
13.966461,150,6419.765915
13.782989,150,6420.5144
14.16301,150,6421.253029
17.709033,150,6422.016369
8.747859,150,6422.779173
12.632005,150,6423.494416
13.325666,150,6424.218786
33.730938,150,6426.340607
14.505799,150,6426.82131
9.748105,150,6427.431863
34.240718,150,6428.193917
27.958091,150,6428.957289
11.035422,150,6429.671484
11.485249,150,6430.424533
25.217068,150,6431.17009
10.401441,150,6431.915291
33.483023,150,6432.606441
35.609112,150,6433.410537
5.735848,150,6434.228806
5.860113,150,6434.953127
24.30325,150,6435.655328
34.707442,150,6437.926625
22.048981,150,6438.388676
3.580085,150,6438.8663
19.859534,150,6439.471391
36.771361,150,6440.215141
29.465112,150,6440.944687
14.417786,150,6441.660259
33.557309,150,6442.418879
35.850118,150,6443.172309
24.118879,150,6443.907243
39.347383,150,6444.644237
12.511162,150,6445.394055
18.004229,150,6446.132585
5.186332,150,6448.560329
14.899029,150,6449.306775
0.894459,150,6449.986782
5.2566,150,6450.576051
0.209838,150,6451.052422
18.181533,150,6451.708818
18.183762,150,6452.431573
21.507811,150,6453.203332
8.997735,150,6453.947799
29.769331,150,6454.71008
18.004527,150,6455.467506
31.221456,150,6456.260065
12.226211,150,6457.05413
25.617986,150,6457.847143
16.369522,150,6460.287868
19.915243,150,6461.055089
17.541031,150,6461.799341
7.181138,150,6462.42713
16.221222,150,6462.996941
13.466899,150,6463.532458
0.755267,150,6464.185515
17.641322,150,6464.887836
-1.674031,150,6465.647609
17.628425,150,6466.436775
9.851878,150,6467.218019
26.925932,150,6467.974038
27.963639,150,6468.721112
25.348428,150,6469.483397
13.525779,150,6471.898666
21.179843,150,6472.669976
8.359336,150,6473.446694
5.714443,150,6474.157066
19.80555,150,6474.811354
36.312439,150,6475.37877
13.339743,150,6475.930883
33.320995,150,6476.547208
13.465483,150,6477.272338
23.650184,150,6478.039896
8.857865,150,6478.792223
20.048312,150,6479.520409
23.185311,150,6480.27116
26.918332,150,6482.707515
9.001662,150,6483.460988
14.125655,150,6484.210184
36.537146,150,6485.017629
10.299137,150,6485.777236
31.358635,150,6486.468385
34.511945,150,6487.094524
5.53262,150,6487.688785
2.703613,150,6488.331448
-3.160853,150,6489.003228
13.615113,150,6489.68376
16.055249,150,6490.461158
31.48289,150,6491.215077
11.790908,150,6491.959573
19.080576,150,6494.378027
26.190285,150,6495.138363
27.062426,150,6495.922769
16.908063,150,6496.684326
37.398327,150,6497.423485
-22.560757,150,6498.201689
9.624149,150,6498.849278
27.091516,150,6499.494421
12.750591,150,6500.157841
8.941968,150,6500.78733
2.034683,150,6501.455868
34.879994,150,6502.117417
25.364457,150,6502.876657
25.512261,150,6503.619755
20.402057,150,6506.035285
30.024738,150,6506.774274
33.720594,150,6507.543675
15.044282,150,6508.322387
11.661352,150,6509.086814
13.697609,150,6509.826131
21.168967,150,6510.613049
7.224354,150,6511.246341
17.498775,150,6511.896117
13.760184,150,6512.604386
16.145258,150,6513.249074
35.566076,150,6513.904483
15.319753,150,6514.611526
8.808868,150,6517.06136
31.732326,150,6517.792381
34.947488,150,6518.524677
28.045385,150,6519.291167
12.504691,150,6520.096224
17.810671,150,6520.880618
22.830649,150,6521.624526
27.065101,150,6522.397775
1.13712,150,6523.08367
16.244933,150,6523.715056
7.533586,150,6524.362766
20.064165,150,6525.103199
27.799254,150,6525.757079
14.756579,150,6526.387021
17.110826,150,6528.737808
-0.07989,150,6529.495755
35.390211,150,6530.225471
23.193961,150,6530.957497
23.576774,150,6531.670552
12.876955,150,6532.447001
12.755285,150,6533.220154
26.580419,150,6533.978213
12.876787,150,6534.717439
29.94351,150,6535.348801
33.241064,150,6535.980295
34.944277,150,6536.628409
12.486243,150,6537.422397
28.857406,150,6538.048453
15.212263,150,6540.366301
21.195775,150,6541.110196
35.839578,150,6541.862236
11.636537,150,6542.623802
14.509545,150,6543.366777
12.799409,150,6544.132907
10.503418,150,6544.86473
12.415417,150,6545.592552
27.148375,150,6546.36773
36.183868,150,6546.99231
22.574046,150,6547.618749
10.912174,150,6548.318897
20.306303,150,6549.068475
11.945012,150,6551.321173
28.30225,150,6552.056
16.778499,150,6552.723314
36.325572,150,6553.485541
2.173845,150,6554.233802
29.960252,150,6554.938615
5.19529,150,6555.667058
2.584693,150,6556.386055
24.001484,150,6557.075582
23.379471,150,6557.820136
9.665665,150,6558.47934
25.021958,150,6559.127075
30.497524,150,6559.75235
18.08699,150,6560.51795
3.908428,150,6562.853291
25.131731,150,6563.507945
12.632577,150,6564.201774
34.17834,150,6564.941717
15.461887,150,6565.67167
29.902828,150,6566.422903
24.842425,150,6567.206653
38.903221,150,6567.950628
18.677149,150,6568.674656
10.948014,150,6569.441178
8.668434,150,6570.164442
19.26155,150,6570.794439
10.755478,150,6571.443089
14.190241,150,6572.179282
15.637493,150,6574.602169
28.216709,150,6575.290602
16.75029,150,6575.949779
5.213305,150,6576.638696
26.197764,150,6577.420479
25.17747,150,6578.181445
15.034978,150,6578.986917
10.265056,150,6579.773628
12.367405,150,6580.548722
24.995062,150,6581.295369
11.819458,150,6582.037711
30.81519,150,6582.708988
8.437107,150,6583.317269
22.529517,150,6585.610278
5.168277,150,6586.370855
12.046962,150,6587.066631
16.266135,150,6587.65405
10.40673,150,6588.29918
23.332716,150,6589.003567
35.685874,150,6589.758996
11.840474,150,6590.518577
13.740551,150,6591.2773
20.508254,150,6592.034586
29.860977,150,6592.810246
18.942267,150,6593.616132
21.867095,150,6594.407224
39.376583,150,6595.101556
21.589067,150,6597.654997
6.374873,150,6598.417517
17.971546,150,6599.129516
26.109263,150,6599.8602
17.666375,150,6600.477029
7.264822,150,6601.097282
22.216622,150,6601.844859
12.083846,150,6602.577064
16.87137,150,6603.300769
30.660255,150,6604.047589
34.112543,150,6604.776277
19.658375,150,6605.523836
22.852072,150,6606.282194
6.725142,150,6606.988124
18.223552,150,6609.221062
18.112989,150,6609.991917
18.575518,150,6610.71023
1.912249,150,6611.429065
33.739406,150,6612.093755
20.866919,150,6612.702616
30.649434,150,6613.37361
35.244481,150,6614.105747
17.396155,150,6614.860388
6.671205,150,6615.583606
16.956478,150,6616.315204
9.609358,150,6617.045249
17.255163,150,6617.7537
38.267519,150,6620.025827
29.920231,150,6620.716552
38.098333,150,6621.400117
18.83776,150,6622.127255
21.095168,150,6622.848454
23.478969,150,6623.550226
37.488339,150,6624.196346
19.115759,150,6624.829812
16.331772,150,6625.510726
5.083232,150,6626.225946
23.721454,150,6626.982458
13.209045,150,6627.704058
15.674363,150,6628.45491
0.537053,150,6629.183025
36.825994,150,6631.428487
22.149357,150,6632.081316
3.9269,150,6632.818786
23.880687,150,6633.515265
23.856259,150,6634.26172
35.56294,150,6635.002716
9.891923,150,6635.69599
30.017497,150,6636.338912
31.123155,150,6636.972348
36.055995,150,6637.644591
20.993375,150,6638.382888
26.359467,150,6639.155179
19.02775,150,6639.858674
8.722172,150,6640.626053
24.504573,150,6642.82791
20.95723,150,6643.437166
11.741249,150,6644.122597
23.324235,150,6644.872334
7.131476,150,6645.577524
8.514596,150,6646.313623
19.716099,150,6647.052772
15.540931,150,6647.732644
13.718596,150,6648.401623
32.317437,150,6649.029297
17.162116,150,6649.69447
19.483769,150,6650.471095
13.987554,150,6651.229969
3.95202,150,6653.592335
24.492321,150,6654.285029
23.407365,150,6654.94897
21.449707,150,6655.584315
23.791796,150,6656.301695
28.469715,150,6657.013168
4.455648,150,6657.735757
1.496109,150,6658.481658
37.742185,150,6659.239197
21.9539,150,6659.932618
4.830593,150,6660.555922
6.545035,150,6661.176586
10.474489,150,6661.868801
0.616951,150,6662.607539
26.324884,150,6664.98346
21.810645,150,6665.710112
6.472921,150,6666.34823
2.367892,150,6666.960904
17.479048,150,6667.584713
31.258622,150,6668.331108
9.688012,150,6669.050158
36.394478,150,6669.758456
17.414596,150,6670.492675
14.593419,150,6671.238922
7.639965,150,6671.968904
13.916905,150,6672.571586
7.761398,150,6673.185178
14.569889,150,6675.49457
19.839512,150,6676.221939
17.08052,150,6676.949805
9.42251,150,6677.658882
25.979679,150,6678.308103
9.863721,150,6678.938897
32.223955,150,6679.557512
22.762591,150,6680.297359
8.891019,150,6681.053935
17.182275,150,6681.774875
8.845771,150,6682.473727
14.352825,150,6683.202515
27.053674,150,6683.905822
5.868793,150,6684.549536
36.868654,150,6686.827461
13.749954,150,6687.573991
16.245814,150,6688.297573
-0.595906,150,6689.038132
28.656942,150,6689.703877
20.630993,150,6690.320915
36.808862,150,6690.938348
6.841169,150,6691.613136
6.654595,150,6692.354678
10.291829,150,6693.089688
12.728375,150,6693.793546
28.171689,150,6694.549063
0.603823,150,6695.299878
5.508881,150,6695.982756
29.372155,150,6698.182479
13.749838,150,6698.907924
33.614628,150,6699.665298
19.291822,150,6700.438929
35.745472,150,6701.219675
11.224721,150,6701.904723
20.760957,150,6702.577473
22.808675,150,6703.318757
28.253967,150,6704.141679
7.882236,150,6704.977251
26.280535,150,6705.761729
18.805904,150,6706.541211
0.598082,150,6707.347241
7.956818,150,6709.871037
10.418954,150,6710.539121
25.45209,150,6711.249482
19.408946,150,6711.938577
9.613005,150,6712.633341
-0.141499,150,6713.324121
9.827958,150,6714.033475
7.202777,150,6714.623166
19.234489,150,6715.234253
30.201292,150,6715.925691
23.271613,150,6716.628672
17.268014,150,6717.35833
17.908923,150,6718.075259
25.660662,150,6718.774934
15.021945,150,6721.083538
30.156694,150,6721.679182
-1.659587,150,6722.30032
21.776589,150,6722.960167
12.773944,150,6723.649835
16.355842,150,6724.395363
25.34749,150,6725.133799
29.890218,150,6725.780339
14.71639,150,6726.40292
13.478724,150,6727.013126
7.975184,150,6727.738379
20.06855,150,6728.47249
22.795034,150,6729.227708
13.129959,150,6729.974863
25.924249,150,6732.367114
1.752975,150,6733.127514
4.521951,150,6733.757577
32.210722,150,6734.406278
3.872621,150,6735.065918
18.256547,150,6735.807357
32.777749,150,6736.557796
27.32381,150,6737.259587
23.242565,150,6737.881377
19.41178,150,6738.50781
31.961431,150,6739.217465
33.750153,150,6739.984551
12.886463,150,6740.729408
22.012726,150,6743.099711
9.001266,150,6743.810709
14.222293,150,6744.538032
38.52236,150,6745.275265
27.557671,150,6745.886895
6.264574,150,6746.498992
12.259949,150,6747.187462
1.429442,150,6747.898068
15.292137,150,6748.592774
8.309419,150,6749.278671
33.938105,150,6749.873851
12.061542,150,6750.502516
19.684897,150,6751.23382
38.361352,150,6751.97549
39.399599,150,6754.339919
9.89213,150,6755.065675
35.462678,150,6755.824755
16.356087,150,6756.58999
28.291985,150,6757.314878
31.068604,150,6757.95218
25.174195,150,6758.566272
29.743969,150,6759.248364
13.254064,150,6760.012449
7.705369,150,6760.718524
30.324083,150,6761.327376
22.00113,150,6761.957551
22.609018,150,6762.604534
25.617483,150,6763.356444
29.996446,150,6765.733568
20.551591,150,6766.4364
31.362192,150,6767.20189
19.054539,150,6767.938666
10.609289,150,6768.680729
26.49061,150,6769.4184
18.187253,150,6770.051064
12.600696,150,6770.633471
11.276521,150,6771.283377
32.175493,150,6772.008575
29.350416,150,6772.667155
13.269463,150,6773.297314
27.107496,150,6773.9018
4.84578,150,6776.276962
11.014406,150,6776.961909
18.483072,150,6777.677279
13.282528,150,6778.405342
30.894522,150,6779.112373
18.853704,150,6779.85236
26.081851,150,6780.597524
25.770043,150,6781.295198
6.772529,150,6781.970145
19.860125,150,6782.609144
23.361272,150,6783.272444
36.053739,150,6784.057802
32.334745,150,6784.666622
32.222843,150,6785.320462
7.085748,150,6787.527854
28.560669,150,6788.182874
22.069336,150,6788.852998
10.576019,150,6789.545165
21.693884,150,6790.239965
31.024271,150,6790.925911
1.589172,150,6791.607292
32.124053,150,6792.268207
22.077562,150,6792.945535
12.820219,150,6793.499364
2.687395,150,6794.083891
35.48936,150,6794.663578
27.869261,150,6795.278517
36.502563,150,6795.825678
26.955215,150,6797.978745
31.530688,150,6798.645066
30.46512,150,6799.360342
22.740021,150,6800.046664
0.017842,150,6800.685824
16.378078,150,6801.427956
7.595611,150,6802.137251
12.70765,150,6802.814313
18.38077,150,6803.461915
20.88062,150,6804.110014
21.091925,150,6804.732676
16.031418,150,6805.295416
21.063023,150,6805.95884
29.36349,150,6808.024108
27.254093,150,6808.681387
22.456334,150,6809.37249
34.71457,150,6810.058582
12.217346,150,6810.741242
8.985781,150,6811.455533
21.104413,150,6812.172077
14.833678,150,6812.853667
39.759785,150,6813.522965
26.191443,150,6814.234061
23.610598,150,6814.839179
24.382441,150,6815.403691
18.44527,150,6816.011065
4.492739,150,6816.721029
23.778363,150,6818.807077
9.739212,150,6819.492692
4.730057,150,6820.181676
26.871529,150,6820.87637
37.376463,150,6821.554755
27.91393,150,6822.232351
27.585138,150,6822.90473
21.267572,150,6823.574957
20.687419,150,6824.274225
11.782895,150,6824.926642
35.921994,150,6825.565464
12.553973,150,6826.15346
21.776081,150,6826.72565
7.103266,150,6827.382078
27.649012,150,6829.452547
19.556708,150,6830.129569
23.882159,150,6830.790786
23.737545,150,6831.468558
18.491728,150,6832.15887
16.247006,150,6832.811404
18.384008,150,6833.482106
22.821961,150,6834.179549
20.019045,150,6834.876299
23.070974,150,6835.533481
11.966598,150,6836.199076
24.628977,150,6836.772195
6.502429,150,6837.331061
29.141815,150,6839.427374
33.702504,150,6840.008973
16.463036,150,6840.625195
5.673286,150,6841.323576
26.988299,150,6842.006283
38.801259,150,6842.656586
10.973236,150,6843.39227
17.139191,150,6844.086221
4.115894,150,6844.790826
26.530749,150,6845.443693
22.354235,150,6846.097396
2.504718,150,6846.788134
32.688222,150,6847.501276
20.614073,150,6848.072587
13.655978,150,6850.149955
14.133651,150,6850.693642
3.831085,150,6851.264018
19.232885,150,6851.988789
8.063827,150,6852.706244
16.903246,150,6853.40951
11.041491,150,6854.1414
20.741426,150,6854.820022
31.107121,150,6855.510938
29.09538,150,6856.205793
17.135738,150,6856.891995
19.055485,150,6857.546685
5.998093,150,6858.227041
25.276404,150,6858.917251
26.781382,150,6860.913713
16.577049,150,6861.482
24.857121,150,6862.111341
7.065021,150,6862.815099
20.440363,150,6863.509202
37.204027,150,6864.201235
5.332698,150,6864.881368
22.084427,150,6865.551594
23.219317,150,6866.252365
9.575147,150,6866.919952
1.176678,150,6867.582778
25.687973,150,6868.250222
32.480428,150,6868.928511
7.465267,150,6871.061407
27.076719,150,6871.480897
27.471539,150,6872.072357
14.389195,150,6872.671531
36.473592,150,6873.385706
9.001253,150,6874.056226
5.165842,150,6874.786511
17.499076,150,6875.474452
10.423305,150,6876.160574
4.311258,150,6876.865335
20.524127,150,6877.538046
34.973836,150,6878.209373
9.349035,150,6878.886483
0.389233,150,6879.568436
35.073792,150,6881.740813
13.683991,150,6882.288319
18.855938,150,6882.70675
26.883613,150,6883.219654
32.816472,150,6883.804609
14.760874,150,6884.502669
33.275778,150,6885.186589
16.545476,150,6885.85799
27.348488,150,6886.522307
11.213388,150,6887.185188
10.270001,150,6887.888061
38.079113,150,6888.580351
32.848201,150,6889.257388
18.564427,150,6889.963194
-0.383722,150,6892.155754
21.080415,150,6892.808333
8.843565,150,6893.334874
34.289231,150,6893.750062
14.323863,150,6894.170857
8.374423,150,6894.755231
22.772166,150,6895.462647
11.684313,150,6896.190405
15.253828,150,6896.900725
28.716522,150,6897.579593
11.327892,150,6898.226994
35.520854,150,6898.928312
16.9697,150,6899.600742
16.971379,150,6902.029545
0.320497,150,6902.798285
36.927153,150,6903.558003
27.891639,150,6904.331023
29.451033,150,6905.027872
18.736113,150,6905.525635
36.825422,150,6906.064259
12.156602,150,6906.565686
25.270602,150,6907.23967
23.748788,150,6907.887347
18.364559,150,6908.587159
30.53347,150,6909.254637
18.462919,150,6909.965918
24.026565,150,6910.651353
23.3149,150,6912.867751
14.74125,150,6913.549654
23.240357,150,6914.245543
8.657353,150,6914.892366
28.953136,150,6915.568856
30.34168,150,6916.169386
20.338744,150,6916.630718
13.716082,150,6917.088064
30.33561,150,6917.628078
31.34931,150,6918.295402
38.300355,150,6918.948389
18.548464,150,6919.571601
36.122578,150,6920.256968
13.224384,150,6922.481156
22.480656,150,6923.148928
4.74833,150,6923.863476
24.233265,150,6924.559127
8.250707,150,6925.267581
33.160163,150,6925.933516
6.696649,150,6926.606365
1.222654,150,6927.254303
20.224406,150,6927.652908
35.914533,150,6928.089196
32.155972,150,6928.504073
9.577146,150,6929.113102
7.882057,150,6929.748868
23.053075,150,6930.414041
18.842731,150,6932.63753
26.273661,150,6933.285459
16.264003,150,6933.929443
21.549945,150,6934.60013
20.142533,150,6935.275844
25.553883,150,6936.013944
23.907552,150,6936.706897
16.643204,150,6937.391216
29.013176,150,6938.069409
28.085741,150,6938.565647
28.395571,150,6939.003776
11.434712,150,6939.424782
21.883158,150,6939.937436
21.382521,150,6940.652364
27.561667,150,6942.884249
33.306656,150,6943.517472
7.435584,150,6944.216945
21.914812,150,6944.863494
22.478479,150,6945.538132
3.414576,150,6946.231446
7.704094,150,6946.907751
15.552083,150,6947.5431
2.203902,150,6948.219931
20.792389,150,6948.895316
16.834238,150,6949.439353
37.878528,150,6949.923195
39.006386,150,6950.349163
27.965073,150,6952.46559
26.639875,150,6953.141418
2.952338,150,6953.829552
28.801247,150,6954.480821
15.462496,150,6955.150158
22.961101,150,6955.836187
1.246182,150,6956.549142
24.112345,150,6957.26509
25.51098,150,6957.984344
0.531639,150,6958.671103
22.789827,150,6959.351221
16.297353,150,6960.013683
8.97996,150,6960.557461
13.531399,150,6961.073467
36.752258,150,6963.08839
24.045023,150,6963.737246
19.612817,150,6964.418724
18.972186,150,6965.107555
15.65331,150,6965.762716
6.93394,150,6966.479936
28.219074,150,6967.209221
10.218873,150,6967.897263
28.096363,150,6968.560176
14.600671,150,6969.247027
23.861476,150,6969.901218
18.365611,150,6970.56321
18.19979,150,6971.130445
25.146046,150,6971.659206
9.448731,150,6973.688653
18.884518,150,6974.362085
21.713445,150,6975.044451
14.106088,150,6975.704602
34.889252,150,6976.373586
4.095307,150,6977.103703
21.608106,150,6977.750558
12.588115,150,6978.477734
7.324671,150,6979.153378
-0.255549,150,6979.84094
10.581655,150,6980.500974
0.703183,150,6981.157485
30.79984,150,6981.703033
16.659639,150,6983.811092
21.806457,150,6984.36611
24.144841,150,6985.00911
16.27427,150,6985.727742
26.37646,150,6986.419332
13.984963,150,6987.058758
33.585443,150,6987.709011
26.223451,150,6988.362883
12.863935,150,6989.049373
32.272301,150,6989.694345
27.74779,150,6990.349373
17.863667,150,6991.028302
2.978917,150,6991.673533
19.27919,150,6992.252934
27.214626,150,6994.284467
3.969408,150,6994.888012
19.309488,150,6995.506033
27.158752,150,6996.210562
10.154971,150,6996.914434
20.183999,150,6997.577976
2.021095,150,6998.269032
23.102723,150,6998.943831
12.259617,150,6999.585746
23.265075,150,7000.259181
8.467523,150,7000.960952
26.834848,150,7001.609343
33.882109,150,7002.323019
20.839784,150,7002.942298
37.953992,150,7005.010144
30.322,150,7005.558228
27.411806,150,7006.155914
27.558169,150,7006.889479
30.939891,150,7007.576128
4.734523,150,7008.275456
10.980623,150,7008.956972
6.775603,150,7009.661756
7.497917,150,7010.357558
2.828683,150,7011.03356
38.926317,150,7011.677561
8.200101,150,7012.396311
29.297098,150,7013.162554
18.262061,150,7015.57795
10.578694,150,7016.296763
17.589804,150,7016.921796
15.962811,150,7017.57787
20.016149,150,7018.288321
22.818201,150,7019.023673
29.240477,150,7019.804204
32.857395,150,7020.591985
38.622871,150,7021.345295
13.226977,150,7022.1204
9.182669,150,7022.879837
32.309212,150,7023.529337
17.580757,150,7024.23571
12.632882,150,7024.902207
19.409576,150,7027.041765
9.099908,150,7027.61248
34.612843,150,7028.260271
12.96097,150,7028.848328
30.161647,150,7029.408184
23.359977,150,7030.114026
15.716416,150,7030.823403
19.878795,150,7031.500013
16.741221,150,7032.215261
14.193558,150,7032.877464
25.381078,150,7033.538441
5.988391,150,7034.251333
6.387072,150,7034.933988
33.963546,150,7035.607693
21.316584,150,7037.695851
18.142426,150,7038.268346
24.047614,150,7038.923329
17.956984,150,7039.460741
11.844046,150,7040.047732
26.70644,150,7040.629397
18.575748,150,7041.342636
11.842834,150,7042.018196
18.254333,150,7042.668369
9.913388,150,7043.344088
29.844055,150,7044.032296
13.67202,150,7044.736808
5.09077,150,7045.445681
22.173491,150,7047.730625
13.702126,150,7048.314481
21.817894,150,7048.915338
33.777204,150,7049.562438
28.622811,150,7050.245414
8.242695,150,7050.808778
11.943636,150,7051.401728
37.187687,150,7052.064793
16.057906,150,7052.792292
35.509696,150,7053.466311
6.14356,150,7054.126371
18.43954,150,7054.787884
10.050378,150,7055.491298
18.676503,150,7056.152404
9.41286,150,7058.380998
10.285269,150,7058.998386
26.781436,150,7059.598496
25.465806,150,7060.203936
16.003945,150,7060.913193
17.493061,150,7061.582149
15.981358,150,7062.230793
18.1125,150,7062.820101
4.241805,150,7063.497759
28.674016,150,7064.207313
4.344216,150,7064.921371
13.403015,150,7065.634213
24.652532,150,7066.377774
35.133699,150,7067.075671
11.055664,150,7069.340545
17.518095,150,7070.041262
24.423707,150,7070.610465
27.085655,150,7071.203803
3.746648,150,7071.846735
29.007328,150,7072.588952
17.383425,150,7073.28821
24.175404,150,7073.91128
29.89947,150,7074.510081
10.628186,150,7075.201597
20.888164,150,7075.895909
24.212327,150,7076.599278
22.152134,150,7077.291205
14.456588,150,7079.578609
31.015955,150,7080.248645
25.942244,150,7080.923344
18.649646,150,7081.58035
13.835448,150,7082.208769
19.491823,150,7082.818721
11.444906,150,7083.513205
8.180446,150,7084.252041
22.840023,150,7084.938015
20.601126,150,7085.536361
24.689121,150,7086.184968
30.839168,150,7086.867934
29.933998,150,7087.533543
25.601664,150,7088.274462
22.932013,150,7090.507037
5.73078,150,7091.213149
33.51679,150,7091.923584
6.266526,150,7092.590344
19.303841,150,7093.192741
19.669828,150,7093.796405
10.826737,150,7094.421437
10.311251,150,7095.112852
32.98803,150,7095.806165
19.110081,150,7096.432197
16.405924,150,7096.973456
17.315273,150,7097.537953
-0.009373,150,7098.198519
16.309629,150,7098.916882
23.465088,150,7101.199017
22.595179,150,7101.926376
23.258559,150,7102.582566
20.690716,150,7103.263791
20.693663,150,7103.868238
20.776346,150,7104.481808
31.560356,150,7105.100397
22.23186,150,7105.866627
6.880749,150,7106.581658
-5.444011,150,7107.293579
11.041274,150,7107.955374
32.108054,150,7108.547661
30.333222,150,7109.161112
19.844518,150,7111.499981
13.286013,150,7112.189535
19.098379,150,7112.905319
13.345977,150,7113.580819
5.683413,150,7114.254777
9.907347,150,7114.899871
19.309125,150,7115.486641
12.492684,150,7116.100175
12.957227,150,7116.73858
27.936118,150,7117.460413
17.850849,150,7118.159242
15.279066,150,7118.854112
20.873132,150,7119.489346
20.242045,150,7120.085057
17.691919,150,7122.259898
9.578824,150,7122.93448
32.926839,150,7123.538863
17.28518,150,7124.274622
23.770381,150,7124.989911
23.281621,150,7125.682638
20.885905,150,7126.309881
34.761056,150,7126.965179
30.37348,150,7127.572339
14.945334,150,7128.278868
19.087249,150,7128.955702
25.653613,150,7129.653395
24.222822,150,7130.342875
8.339488,150,7130.956054
11.418676,150,7133.159462
27.16838,150,7133.890617
13.71459,150,7134.624826
8.857119,150,7135.32594
24.887862,150,7136.078585
29.484166,150,7136.738459
25.768577,150,7137.301663
11.604878,150,7137.906821
0.904261,150,7138.562461
23.526907,150,7139.267816
30.524772,150,7139.956728
31.238051,150,7140.664644
24.085356,150,7141.388354
30.569841,150,7143.573391
30.267235,150,7144.30897
39.024128,150,7145.000609
23.796596,150,7145.701622
21.648474,150,7146.359533
29.602615,150,7147.069444
2.020483,150,7147.678854
19.18133,150,7148.272336
20.56143,150,7148.870396
15.294108,150,7149.557149
18.960236,150,7150.2682
20.864884,150,7150.971663
28.646091,150,7151.68193
20.765983,150,7152.382876
25.331313,150,7154.516901
34.582746,150,7155.159107
19.257084,150,7155.837723
30.458994,150,7156.514282
16.03318,150,7157.201263
17.513264,150,7157.846169
16.42909,150,7158.435521
3.255831,150,7159.00536
13.237462,150,7159.598758
14.843274,150,7160.29991
20.200144,150,7161.023955
17.210088,150,7161.718352
19.476319,150,7162.416386
20.253416,150,7163.082598
24.392159,150,7165.291602
15.831927,150,7165.874358
1.438243,150,7166.528364
26.341527,150,7167.197335
30.407729,150,7167.848737
25.420085,150,7168.538102
5.711487,150,7169.174604
28.381579,150,7169.782879
10.463175,150,7170.356337
5.89664,150,7171.024968
24.540553,150,7171.659588
18.418611,150,7172.346415
8.276283,150,7173.054491
17.599575,150,7175.348134
30.763099,150,7175.995401
16.200001,150,7176.563312
17.017891,150,7177.124856
16.565433,150,7177.782073
20.787668,150,7178.483811
30.064169,150,7179.165742
29.576363,150,7179.898283
37.874385,150,7180.532203
11.469926,150,7181.148092
18.736559,150,7181.713761
35.333884,150,7182.405274
26.193573,150,7183.10895
11.114878,150,7183.828448
35.347498,150,7186.079571
12.111923,150,7186.796619
36.673824,150,7187.395442
10.66085,150,7188.011091
23.99585,150,7188.574372
11.693347,150,7189.267778
19.223664,150,7189.940898
26.980301,150,7190.590849
15.43772,150,7191.252787
35.191905,150,7191.819354
2.76131,150,7192.384449
24.804871,150,7193.028111
20.080904,150,7193.71586
6.393005,150,7195.992806
11.728211,150,7196.606677
12.351747,150,7197.264955
17.42558,150,7197.966826
21.403038,150,7198.615913
29.88994,150,7199.218074
14.311011,150,7199.854731
10.856566,150,7200.515147
3.81081,150,7201.193945
29.457116,150,7201.907874
16.584406,150,7202.504483
23.905576,150,7203.091767
7.097163,150,7203.637052
22.954351,150,7204.308581
7.958286,150,7206.593676
20.863538,150,7207.244893
16.110772,150,7207.936203
20.04285,150,7208.625354
9.238313,150,7209.368018
26.900923,150,7210.156249
0.451415,150,7210.873557
9.679658,150,7211.562366
14.414015,150,7212.297664
34.574865,150,7213.078187
9.501743,150,7213.8584
4.947247,150,7214.541695
22.27576,150,7215.136739
14.907529,150,7215.724892
39.285893,150,7217.920663
22.129383,150,7218.598944
7.283742,150,7219.282202
9.031621,150,7219.967359
17.350487,150,7220.64586
15.323782,150,7221.314867
27.997565,150,7222.002089
28.244777,150,7222.559051
16.367966,150,7223.152361
31.872748,150,7223.778924
14.402781,150,7224.501777
16.257573,150,7225.120293
18.074785,150,7225.674568
25.925065,150,7227.799464
11.963516,150,7228.457336
27.121812,150,7229.142023
18.665443,150,7229.778119
18.44749,150,7230.459651
25.214194,150,7231.166581
22.302095,150,7231.817414
6.341718,150,7232.513257
9.791883,150,7233.153169
16.852505,150,7233.748743
4.792512,150,7234.335101
26.693004,150,7235.007793
7.197357,150,7235.7079
23.886612,150,7236.35078
15.224041,150,7238.460217
20.477791,150,7239.153268
36.946637,150,7239.852962
22.417576,150,7240.558643
28.699409,150,7241.297069
11.676384,150,7242.004414
15.346316,150,7242.694727
2.052056,150,7243.403787
21.369077,150,7244.085515
16.481125,150,7244.649465
8.627342,150,7245.228156
5.624027,150,7245.85305
19.51423,150,7246.579072
37.645463,150,7247.255435
3.62675,150,7249.38447
27.443774,150,7250.11097
1.08953,150,7250.79771
12.253179,150,7251.458037
12.190489,150,7252.158376
13.30861,150,7252.846763
32.100843,150,7253.538845
17.455805,150,7254.234625
15.883778,150,7254.972904
24.672613,150,7255.620508
22.020323,150,7256.231315
27.422685,150,7256.846119
13.570984,150,7257.498676
32.872388,150,7259.654984
14.622878,150,7260.310502
23.58575,150,7261.001702
6.746534,150,7261.698788
-6.30863,150,7262.389162
7.813372,150,7263.106452
22.380132,150,7263.839467
16.458622,150,7264.522395
16.815638,150,7265.21671
27.348644,150,7265.923931
16.836898,150,7266.583989
2.106691,150,7267.175348
21.617785,150,7267.726706
33.393895,150,7268.344355
26.10743,150,7270.499942
33.161516,150,7271.098975
21.537176,150,7271.817676
21.355181,150,7272.477672
31.048508,150,7273.175803
29.182307,150,7273.846461
24.347944,150,7274.577502
12.71411,150,7275.268481
7.709477,150,7275.952492
2.818265,150,7276.663538
6.474796,150,7277.360957
10.998356,150,7278.005894
19.765666,150,7278.590181
3.795297,150,7279.188515
13.217384,150,7281.342713
1.719233,150,7281.961828
28.582642,150,7282.62872
1.987347,150,7283.331653
12.873238,150,7284.020749
17.797882,150,7284.734731
0.582344,150,7285.437027
36.836429,150,7286.127614
36.321927,150,7286.798148
13.832109,150,7287.48524
11.238325,150,7288.147159
5.244189,150,7288.818568
29.322368,150,7289.390175
0.559178,150,7291.544811
18.988815,150,7292.135573
4.557936,150,7292.729661
35.772188,150,7293.352782
4.818676,150,7294.058152
23.425197,150,7294.797541
27.458911,150,7295.498963
26.616115,150,7296.215157
38.078537,150,7296.970216
20.547929,150,7297.664378
28.134,150,7298.377846
18.43972,150,7299.046836
14.179968,150,7299.805134
9.725777,150,7300.491171
31.610095,150,7302.613492
30.309817,150,7303.241487
11.245603,150,7303.836888
29.0557,150,7304.439831
18.423489,150,7305.146276
24.965096,150,7305.856503
24.779022,150,7306.54928
34.244731,150,7307.241058
16.958586,150,7307.961062
21.709588,150,7308.699359
21.407581,150,7309.418202
5.621209,150,7310.081136
26.375962,150,7310.737165
21.294211,150,7311.399854
30.006635,150,7313.518725
23.67181,150,7314.160696
25.985382,150,7314.731038
28.641041,150,7315.320241
1.073971,150,7316.023829
9.860735,150,7316.757889
37.473921,150,7317.456535
19.015186,150,7318.157659
37.29876,150,7318.841983
27.611072,150,7319.557064
23.02143,150,7320.273515
6.818387,150,7321.005386
7.528391,150,7321.741696
18.290745,150,7324.012687
21.142303,150,7324.654868
11.293588,150,7325.322832
31.376955,150,7326.022977
3.18684,150,7326.706885
13.634527,150,7327.460669
18.135278,150,7328.238846
30.48381,150,7329.05602
18.951712,150,7329.84773
7.274475,150,7330.644338
13.296846,150,7331.479271
4.724393,150,7332.269661
29.018253,150,7333.069518
28.616576,150,7333.880207
36.218952,150,7336.26134
5.921744,150,7336.885725
28.23076,150,7337.479164
37.551233,150,7337.969728
23.133051,150,7338.506801
13.339596,150,7339.104096
5.627002,150,7339.765723
37.608285,150,7340.455479
35.108969,150,7341.143109
20.934785,150,7341.81169
19.910449,150,7342.539843
9.607776,150,7343.241788
36.627632,150,7343.959505
25.464009,150,7344.663257
20.100431,150,7346.951338
15.807537,150,7347.64163
18.847538,150,7348.27907
12.229662,150,7348.817681
16.118452,150,7349.264325
4.206043,150,7349.781799
24.318011,150,7350.360518
22.945504,150,7351.093394
22.821498,150,7351.813694
22.1907,150,7352.527886
29.784632,150,7353.274356
13.624857,150,7353.979357
12.602352,150,7354.685566
0.873573,150,7357.078145
12.504625,150,7357.818925
27.830678,150,7358.558596
27.975372,150,7359.356479
8.613351,150,7360.033129
17.758027,150,7360.54732
34.912381,150,7361.029661
33.242674,150,7361.600975
-1.75183,150,7362.273857
36.675131,150,7362.998294
6.8715,150,7363.723196
9.673085,150,7364.438086
23.287782,150,7365.129246
20.990607,150,7365.870996
24.663098,150,7368.154979
11.124801,150,7368.885168
12.082715,150,7369.599642
2.206189,150,7370.324304
11.429906,150,7371.070142
26.098383,150,7371.648489
38.905117,150,7372.087126
21.968723,150,7372.513211
15.956063,150,7373.065912
16.836967,150,7373.795372
33.083825,150,7374.494043
29.222995,150,7375.264316
35.912112,150,7376.015272
20.460922,150,7376.802375
15.251341,150,7379.091919
8.318822,150,7379.828892
7.907009,150,7380.612509
13.378825,150,7381.395699
18.307852,150,7382.144595
27.298861,150,7382.895396
30.637662,150,7383.348934
11.930537,150,7383.813663
1.162035,150,7384.247331
21.998475,150,7384.813078
30.565875,150,7385.557348
12.066687,150,7386.287652
15.011568,150,7387.030791
23.932281,150,7389.327353
19.824224,150,7390.068264
12.78405,150,7390.826591
24.58204,150,7391.588828
2.71354,150,7392.365544
22.120724,150,7393.107765
21.724829,150,7393.874911
10.333293,150,7394.573036
23.871618,150,7395.060528
16.741426,150,7395.488152
13.338538,150,7395.944221
21.436564,150,7396.56585
14.275762,150,7397.285707
37.853688,150,7398.033145
26.579661,150,7400.352503
17.767282,150,7401.095505
13.558809,150,7401.814082
7.919865,150,7402.52733
30.361068,150,7403.247161
19.109105,150,7403.980329
9.481696,150,7404.711617
10.395333,150,7405.439749
19.854411,150,7406.157355
27.739429,150,7406.649166
31.572275,150,7407.113917
35.335233,150,7407.551172
7.930237,150,7408.256679
26.701461,150,7409.012199
14.562666,150,7411.343278
-1.158078,150,7412.060776
4.929012,150,7412.790899
2.515169,150,7413.499754
16.561496,150,7414.279221
30.790635,150,7415.032341
22.687603,150,7415.753439
17.500064,150,7416.496192
16.412485,150,7417.213986
17.97381,150,7417.861113
7.965562,150,7418.314451
14.656321,150,7418.736767
10.818463,150,7419.220651
30.446795,150,7421.488871
27.067787,150,7422.182145
22.212233,150,7422.903875
10.10823,150,7423.611149
11.257778,150,7424.336697
12.596871,150,7425.05055
3.361251,150,7425.754519
7.419857,150,7426.506057
20.250326,150,7427.207416
10.759467,150,7427.902133
30.913007,150,7428.609445
28.104991,150,7429.294937
9.76969,150,7429.796762
27.192449,150,7430.233154
26.605796,150,7432.366744
19.711644,150,7433.044486
17.471183,150,7433.702928
6.533849,150,7434.404355
13.022477,150,7435.146743
17.652122,150,7435.876724
17.104777,150,7436.59459
8.62858,150,7437.326407
24.660451,150,7438.085225
24.619488,150,7438.789604
15.437706,150,7439.507453
35.389865,150,7440.206852
29.248166,150,7440.812773
2.601555,150,7441.36212
29.645101,150,7443.391954
23.10657,150,7444.070078
36.668462,150,7444.741084
8.818751,150,7445.43551
28.099657,150,7446.126793
10.133961,150,7446.789094
13.138909,150,7447.482844
30.229014,150,7448.222532
32.896537,150,7448.921589
29.689985,150,7449.660248
15.639191,150,7450.367185
17.666498,150,7451.063203
28.348254,150,7451.758559
22.386356,150,7453.796257
24.120909,150,7454.393783
23.474286,150,7455.066936
2.250863,150,7455.73556
21.545863,150,7456.447754
26.38908,150,7457.124215
12.984171,150,7457.81086
27.2042,150,7458.491759
7.717749,150,7459.188289
23.043681,150,7459.865666
16.293379,150,7460.59648
12.767519,150,7461.290365
27.924228,150,7462.008309
14.76638,150,7462.736529
35.858224,150,7464.709402
6.447406,150,7465.318892
18.137037,150,7465.961402
3.45166,150,7466.653882
19.850067,150,7467.368827
21.00393,150,7468.072334
7.011686,150,7468.768614
36.168687,150,7469.477201
12.658322,150,7470.170908
11.339493,150,7470.834635
13.507029,150,7471.521889
18.581736,150,7472.284539
15.347064,150,7473.001628
24.740212,150,7475.244145
7.151969,150,7475.766692
17.752597,150,7476.254947
30.108877,150,7476.822349
7.103861,150,7477.446446
25.845833,150,7478.189483
6.24203,150,7478.887606
0.863336,150,7479.571379
15.292095,150,7480.268829
31.714667,150,7480.939142
9.470745,150,7481.635094
13.095376,150,7482.34303
4.431772,150,7483.06807
11.769054,150,7483.79604
27.516243,150,7486.12774
15.520706,150,7486.756799
20.258959,150,7487.365805
22.952723,150,7487.865989
18.291852,150,7488.510604
1.601384,150,7489.20856
10.316286,150,7489.968148
7.304203,150,7490.708988
36.184476,150,7491.478051
13.096612,150,7492.218986
11.603273,150,7492.940004
34.111058,150,7493.676923
10.248529,150,7494.371706
20.863558,150,7495.1285
8.511287,150,7497.511807
7.829279,150,7498.239117
22.252589,150,7498.851181
11.009395,150,7499.457079
-10.557984,150,7499.960857
24.532002,150,7500.555322
18.650798,150,7501.172561
28.834937,150,7501.921805
14.552073,150,7502.637399
9.169734,150,7503.324812
6.914726,150,7504.082278
16.608096,150,7504.809068
19.002274,150,7505.547521
17.571996,150,7507.870772
16.569486,150,7508.551664
27.507495,150,7509.266848
31.524926,150,7509.956041
14.154612,150,7510.540264
17.723911,150,7511.170929
1.967303,150,7511.756573
23.84832,150,7512.337412
27.422983,150,7512.953279
7.42917,150,7513.623675
10.804781,150,7514.29728
37.083385,150,7514.988763
14.195087,150,7515.664645
36.745666,150,7516.369041
18.90625,150,7518.852967
-0.133554,150,7519.625577
28.565934,150,7520.415366
18.312643,150,7521.178789
20.96939,150,7521.905925
20.079842,150,7522.582094
8.329513,150,7523.217935
16.522338,150,7523.789727
20.349847,150,7524.351279
0.130212,150,7524.937602
21.148875,150,7525.601571
0.828138,150,7526.326837
10.94835,150,7527.016145
15.698469,150,7527.677493
14.787784,150,7529.897175
35.992688,150,7530.582017
11.368401,150,7531.262861
28.543925,150,7531.965864
9.157778,150,7532.645279
23.062213,150,7533.270855
4.92791,150,7533.896954
18.041407,150,7534.490587
34.868968,150,7535.154709
33.888951,150,7535.753226
15.984536,150,7536.352333
11.03168,150,7537.09154
18.436139,150,7537.780689
34.126141,150,7540.032746
19.037727,150,7540.70161
19.27144,150,7541.409667
38.594095,150,7542.084507
8.696944,150,7542.804279
14.900617,150,7543.502328
20.611973,150,7544.182944
26.484555,150,7544.764415
10.30854,150,7545.363914
10.156353,150,7546.051072
23.99283,150,7546.685585
16.35724,150,7547.275355
17.704193,150,7547.901245
37.200769,150,7548.626594
12.880365,150,7550.874526
11.374732,150,7551.586805
5.977996,150,7552.273968
12.6743,150,7552.990071
23.210266,150,7553.706326
19.035235,150,7554.449899
26.94656,150,7555.166386
17.710612,150,7555.747333
28.132163,150,7556.33817
17.503263,150,7556.994117
9.816083,150,7557.667121
27.452972,150,7558.293052
3.36086,150,7558.899265
10.941733,150,7559.545835
22.232608,150,7561.818764
2.766365,150,7562.553649
19.549332,150,7563.264029
15.383441,150,7563.995967
31.998497,150,7564.706553
25.820558,150,7565.44774
22.145422,150,7566.137695
7.977587,150,7566.744007
5.669981,150,7567.33685
2.299152,150,7567.945194
2.311316,150,7568.657151
13.00448,150,7569.285231
37.322445,150,7569.891208
12.966182,150,7572.122352
23.148231,150,7572.846082
0.910718,150,7573.607206
39.00758,150,7574.326705
17.352463,150,7575.034496
26.110754,150,7575.760751
19.751039,150,7576.465759
20.283931,150,7577.14784
12.759679,150,7577.81822
1.403029,150,7578.409058
28.183422,150,7579.011584
14.81831,150,7579.680348
19.15919,150,7580.373849
31.134296,150,7581.047704
1.178811,150,7583.129359
7.516674,150,7583.847491
18.013731,150,7584.522485
9.942288,150,7585.269923
31.952684,150,7585.969531
15.754115,150,7586.64804
-5.385078,150,7587.336663
15.423117,150,7588.013007
18.154609,150,7588.603826
26.924444,150,7589.181644
23.713583,150,7589.763913
17.247929,150,7590.455018
14.254904,150,7591.162936
12.178223,150,7591.859096
9.052797,150,7594.029377
26.536546,150,7594.757053
16.564105,150,7595.485042
33.36058,150,7596.160223
30.284557,150,7596.840246
12.52375,150,7597.544933
21.225593,150,7598.250834
12.275426,150,7598.981632
22.035688,150,7599.605751
23.6318,150,7600.189829
24.64965,150,7600.809297
9.260677,150,7601.550083
19.996155,150,7602.249836
20.46798,150,7604.51101
20.733142,150,7605.128809
18.772758,150,7605.767987
6.030728,150,7606.506173
15.129505,150,7607.235127
25.811213,150,7607.931246
10.084684,150,7608.5837
33.382866,150,7609.265702
1.171865,150,7609.946377
18.763671,150,7610.590278
10.104502,150,7611.192399
10.022265,150,7611.795388
14.791378,150,7612.495981
33.099868,150,7613.198914
27.882671,150,7615.466053
28.404106,150,7616.097901
12.464729,150,7616.683357
12.308715,150,7617.310078
5.938078,150,7617.999169
9.869018,150,7618.697468
23.803285,150,7619.384682
13.836853,150,7620.095733
17.260987,150,7620.797811
31.624135,150,7621.4978
15.445546,150,7622.118029
12.888236,150,7622.683916
30.811013,150,7623.34105
31.068914,150,7624.067856
21.703007,150,7626.359195
17.236932,150,7627.03685
18.990273,150,7627.609731
35.513315,150,7628.240632
24.681551,150,7628.88255
19.640467,150,7629.663844
30.096471,150,7630.369856
28.946803,150,7631.031166
26.124943,150,7631.723167
28.009105,150,7632.433046
10.415741,150,7633.097525
19.778445,150,7633.665234
35.30066,150,7634.246035
30.1682,150,7636.45364
20.620523,150,7637.218249
9.279871,150,7637.976883
9.391585,150,7638.738523
17.77597,150,7639.424949
18.732793,150,7640.114597
23.454506,150,7640.889345
28.914931,150,7641.675966
18.965977,150,7642.457382
16.042323,150,7643.247109
18.539873,150,7644.024749
21.759297,150,7644.817001
8.646288,150,7645.510632
10.291002,150,7646.178888
15.881732,150,7648.43424
16.619033,150,7649.134489
18.580469,150,7649.832153
10.119908,150,7650.551316
1.936389,150,7651.216861
31.639043,150,7651.774521
14.269391,150,7652.336752
30.989508,150,7653.010589
38.235645,150,7653.767708
4.022344,150,7654.524661
6.647923,150,7655.276596
0.261574,150,7656.010278
8.359182,150,7656.707141
10.305418,150,7657.347029
5.646557,150,7659.690943
36.364894,150,7660.422581
9.870005,150,7661.169074
5.813964,150,7661.892164
22.94689,150,7662.608483
13.311409,150,7663.208487
22.712636,150,7663.827439
29.408613,150,7664.481034
18.881158,150,7665.214573
25.780399,150,7665.934541
21.873776,150,7666.635258
20.737067,150,7667.357498
19.072294,150,7668.103925
26.615134,150,7670.313743
23.272139,150,7671.023087
21.481246,150,7671.730285
30.833187,150,7672.451306
25.805186,150,7673.172673
11.006119,150,7673.91042
18.414889,150,7674.524442
38.823971,150,7675.131342
2.940789,150,7675.745486
3.368962,150,7676.434129
24.275337,150,7677.129188
20.180063,150,7677.789681
25.116942,150,7678.466057
22.841439,150,7679.163345
23.560821,150,7681.271737
7.85706,150,7681.933775
28.017573,150,7682.629153
14.811088,150,7683.372336
4.033674,150,7684.039251
38.139909,150,7684.723958
11.603424,150,7685.399018
3.565284,150,7686.036274
14.712665,150,7686.694156
38.268141,150,7687.45748
36.398581,150,7688.12539
32.31502,150,7688.799526
17.086314,150,7689.5373
13.258536,150,7690.224331
18.283254,150,7692.374626
16.302505,150,7693.034747
8.87521,150,7693.795085
17.971675,150,7694.496627
28.553027,150,7695.20806
18.773755,150,7695.911372
33.73152,150,7696.524534
21.45583,150,7697.099756
6.018208,150,7697.686453
25.340061,150,7698.334671
25.720799,150,7699.026571
22.890274,150,7699.745344
30.019748,150,7700.454262
23.318557,150,7702.692944
19.847784,150,7703.275185
6.815768,150,7703.869059
3.780776,150,7704.584822
16.406504,150,7705.317087
15.484582,150,7706.040528
30.629804,150,7706.752915
36.878695,150,7707.451373
21.48519,150,7708.177775
3.454762,150,7708.788546
21.457422,150,7709.379868
31.753251,150,7710.019317
18.65399,150,7710.678173
22.847867,150,7711.332862
12.859123,150,7713.551084
19.689234,150,7714.163027
6.676544,150,7714.768301
14.804507,150,7715.397787
10.624938,150,7716.151754
30.36259,150,7716.900101
13.13959,150,7717.578267
36.372757,150,7718.261578
2.530009,150,7718.975617
31.672658,150,7719.648273
23.933322,150,7720.247577
14.599737,150,7720.858282
19.842621,150,7721.517975
5.808955,150,7723.814536
19.988499,150,7724.467555
10.392381,150,7725.145554
21.989986,150,7725.741471
10.776864,150,7726.343787
2.353796,150,7727.03714
14.531389,150,7727.7082
1.478879,150,7728.442706
12.824741,150,7729.145024
34.83753,150,7729.8436
33.629333,150,7730.513546
37.169979,150,7731.21951
11.915328,150,7731.820532
31.261065,150,7732.416555
17.102615,150,7734.654847
22.635268,150,7735.323962
6.167811,150,7736.043908
10.494135,150,7736.652711
9.751202,150,7737.271967
21.492072,150,7737.891896
32.204606,150,7738.623914
12.15884,150,7739.301875
28.409071,150,7740.005274
12.893524,150,7740.719364
14.718933,150,7741.44911
22.114126,150,7742.193646
20.475928,150,7742.902592
14.213723,150,7743.462762
24.063666,150,7745.619812
20.352027,150,7746.360161
36.176201,150,7747.084761
23.887162,150,7747.674301
17.546704,150,7748.300193
24.984147,150,7748.96463
23.515272,150,7749.642757
35.713622,150,7750.352846
16.916685,150,7751.029664
8.885533,150,7751.707115
9.56385,150,7752.430025
19.234444,150,7753.148674
4.544391,150,7753.826631
30.381767,150,7755.997361
4.914944,150,7756.709332
18.004472,150,7757.423677
18.722651,150,7758.073835
15.136217,150,7758.647786
17.02757,150,7759.267039
19.68147,150,7759.950955
23.482697,150,7760.600894
19.068526,150,7761.301229
27.416843,150,7762.045357
33.2119,150,7762.731613
25.034921,150,7763.399308
34.231809,150,7764.065014
29.736439,150,7764.731079
10.317593,150,7766.916108
8.564569,150,7767.515468
25.549896,150,7768.222669
9.077204,150,7768.864647
17.733681,150,7769.490247
19.618093,150,7770.134981
24.358178,150,7770.849971
24.881732,150,7771.484704
7.061253,150,7772.16557
27.956905,150,7772.874464
14.121843,150,7773.56653
17.148962,150,7774.256877
5.88816,150,7774.950021
32.188296,150,7775.659508
25.336365,150,7777.812806
38.333632,150,7778.386045
22.852422,150,7778.983905
5.293255,150,7779.701662
38.906648,150,7780.369186
17.252357,150,7780.962471
20.16247,150,7781.538519
11.871855,150,7782.198002
22.313065,150,7782.91539
17.076304,150,7783.597531
29.620402,150,7784.293871
21.493298,150,7785.035872
20.989923,150,7785.746782
27.106231,150,7788.065439
31.415983,150,7788.754525
34.014523,150,7789.389108
35.311093,150,7790.028556
5.11111,150,7790.630676
11.368809,150,7791.321371
30.558758,150,7792.016163
19.53317,150,7792.579832
6.306959,150,7793.192512
11.242094,150,7793.844996
19.128196,150,7794.546198
15.50817,150,7795.260147
4.863447,150,7795.95571
9.781998,150,7796.678317
37.004059,150,7798.945241
0.168587,150,7799.613045
6.929508,150,7800.304345
26.64532,150,7800.895403
25.465376,150,7801.47301
27.547336,150,7802.081574
39.379906,150,7802.80768
3.057008,150,7803.465996
16.968569,150,7804.052337
17.381951,150,7804.650138
19.899592,150,7805.283595
4.576022,150,7805.997564
31.473974,150,7806.681583
9.290756,150,7807.396921
28.688378,150,7809.656347
11.735365,150,7810.351308
13.125536,150,7811.082502
31.312372,150,7811.78914
6.272693,150,7812.410651
30.616162,150,7813.015767
13.606382,150,7813.638628
22.172844,150,7814.336298
27.768026,150,7815.011152
19.582596,150,7815.624804
21.751154,150,7816.205874
1.947915,150,7816.836491
21.027692,150,7817.53669
19.357706,150,7819.832524
10.82353,150,7820.51119
22.892926,150,7821.246595
25.333835,150,7821.980024
16.187936,150,7822.654799
32.985992,150,7823.363015
15.223546,150,7823.966596
28.130894,150,7824.548393
23.6883,150,7825.230297
23.232613,150,7825.994833
23.491833,150,7826.739815
18.377388,150,7827.402683
28.921351,150,7828.089942
28.016293,150,7828.73769
5.210126,150,7831.273532
26.839308,150,7831.933972
32.409334,150,7832.627156
29.846233,150,7833.302965
17.376544,150,7833.99423
23.700232,150,7834.665128
29.693203,150,7835.388439
2.800618,150,7836.009792
38.793481,150,7836.60271
9.190004,150,7837.234789
19.627674,150,7837.887193
31.659834,150,7838.565692
20.777636,150,7839.216343
38.09272,150,7839.826281
24.534212,150,7841.994959
21.225694,150,7842.67185
20.393382,150,7843.362081
9.837282,150,7844.102733
8.121417,150,7844.856968
37.060304,150,7845.567341
36.716391,150,7846.274978
14.762943,150,7846.937465
5.458714,150,7847.536173
32.304655,150,7848.105535
20.819766,150,7848.727759
19.164802,150,7849.434533
5.842469,150,7850.114348
31.222943,150,7852.206624
7.072981,150,7852.903387
14.991961,150,7853.599663
31.745817,150,7854.386645
11.314914,150,7855.091657
18.356745,150,7855.768982
13.537142,150,7856.493416
30.789986,150,7857.221362
13.002163,150,7857.909703
20.363561,150,7858.486896
9.140447,150,7859.092166
4.723167,150,7859.672924
27.057503,150,7860.372932
6.991254,150,7861.049152
8.177312,150,7863.158546
13.468647,150,7863.853842
22.077959,150,7864.522033
5.147977,150,7865.231144
25.831427,150,7865.959546
5.641685,150,7866.62875
27.903948,150,7867.311422
12.281549,150,7868.052631
30.986947,150,7868.7597
17.695328,150,7869.434041
19.236554,150,7870.076648
11.387357,150,7870.679112
32.874504,150,7871.317887
12.826276,150,7872.06284
20.233634,150,7874.22775
26.714607,150,7874.953668
8.280706,150,7875.700494
6.200809,150,7876.434721
20.302907,150,7877.156548
12.565535,150,7877.845687
2.652435,150,7878.523962
7.196594,150,7879.207009
23.804765,150,7879.89965
14.196098,150,7880.601872
4.741747,150,7881.216282
18.446493,150,7881.801584
28.377249,150,7882.364218
24.662736,150,7884.59747
21.717237,150,7885.257495
3.09112,150,7885.883359
31.996074,150,7886.568026
36.005305,150,7887.280169
7.466591,150,7887.990834
35.220777,150,7888.709458
2.495285,150,7889.406129
27.063749,150,7890.100345
16.430486,150,7890.783067
25.594798,150,7891.483669
13.501254,150,7892.174234
10.799503,150,7892.792967
25.336088,150,7893.389203
30.65219,150,7895.662898
33.223952,150,7896.234224
9.837375,150,7896.844133
12.933827,150,7897.500617
30.387605,150,7898.224081
14.502197,150,7898.929307
13.209758,150,7899.581421
20.529663,150,7900.296459
27.344304,150,7901.016115
37.810792,150,7901.682397
5.4221,150,7902.393619
20.842456,150,7903.101239
10.432861,150,7903.802936
3.47884,150,7904.396859
11.172995,150,7906.540611
34.257162,150,7907.124718
36.990597,150,7907.681703
14.183065,150,7908.328186
25.754734,150,7909.053702
27.120695,150,7909.739929
25.911214,150,7910.462669
19.404351,150,7911.12368
18.676336,150,7911.818223
8.498458,150,7912.516866
10.720182,150,7913.197821
26.798254,150,7913.897236
27.393513,150,7914.572375
31.978465,150,7916.662893
35.816233,150,7917.380388
24.594243,150,7918.011387
15.095495,150,7918.614471
30.88998,150,7919.236269
1.726972,150,7919.907571
23.371277,150,7920.613182
4.505385,150,7921.268252
8.837527,150,7921.972233
31.383264,150,7922.665661
26.456251,150,7923.373777
9.371456,150,7924.097442
8.247511,150,7924.790933
13.604329,150,7925.442024
2.758386,150,7927.627414
12.80513,150,7928.242242
27.343005,150,7928.845988
17.919389,150,7929.425799
29.423465,150,7930.023026
11.304667,150,7930.713304
24.857358,150,7931.462964
1.911577,150,7932.18219
22.163995,150,7932.920164
10.083674,150,7933.640303
20.376496,150,7934.35788
10.563821,150,7935.089916
33.452376,150,7935.7503
24.928475,150,7936.47382
4.395979,150,7938.7506
10.726909,150,7939.337862
17.428974,150,7939.886167
22.715121,150,7940.299141
29.244465,150,7940.872932
1.895231,150,7941.475804
15.914579,150,7942.193575
39.999682,150,7942.900059
27.505189,150,7943.573717
19.65747,150,7944.304752
23.371542,150,7945.006734
27.146641,150,7945.696069
14.828854,150,7946.42904
24.407017,150,7948.757655
16.600408,150,7949.537909
22.594192,150,7950.317105
21.680721,150,7951.110908
31.53293,150,7951.785402
17.59779,150,7952.286422
19.040369,150,7952.782021
14.21538,150,7953.433883
18.360245,150,7954.263651
15.928875,150,7955.057674
18.694293,150,7955.886547
16.16604,150,7956.699726
37.834857,150,7957.489894
38.563727,150,7958.289706
34.198646,150,7960.685141
7.217429,150,7961.414155
3.410659,150,7962.163173
10.49042,150,7962.888259
27.617499,150,7963.637135
7.442806,150,7964.384152
19.567012,150,7964.925528
21.225444,150,7965.399662
6.152936,150,7965.874801
15.241474,150,7966.55199
21.755429,150,7967.279204
15.729347,150,7967.984955
33.794004,150,7968.718143
23.316841,150,7969.45872
21.652819,150,7971.785966
9.182519,150,7972.438137
29.682139,150,7973.168487
10.507272,150,7973.884426
19.408573,150,7974.615891
20.315237,150,7975.336708
37.388769,150,7976.051971
34.112994,150,7976.717296
29.347489,150,7977.322895
31.401301,150,7977.824587
19.19182,150,7978.398894
3.212251,150,7979.082618
33.378814,150,7979.825914
19.167814,150,7982.206712
27.956543,150,7982.957108
13.751822,150,7983.671489
29.091235,150,7984.395993
15.112442,150,7985.122828
16.036067,150,7985.837885
24.861959,150,7986.542814
20.195001,150,7987.23635
9.301935,150,7987.928361
8.011472,150,7988.590294
32.211015,150,7989.194162
3.621863,150,7989.736642
15.955815,150,7990.349501
8.400334,150,7990.945538
25.508506,150,7993.232783
13.783383,150,7993.999981
18.429305,150,7994.731138
32.404985,150,7995.490581
33.3836,150,7996.206842
9.612041,150,7996.903423
18.885846,150,7997.589597
24.22104,150,7998.28018
24.54558,150,7999.002055
30.460867,150,7999.66054
14.156162,150,8000.296108
32.928223,150,8000.884655
19.608838,150,8001.537965
13.870358,150,8003.775867
2.716724,150,8004.471709
14.193297,150,8005.218204
13.621392,150,8005.98647
37.147417,150,8006.702589
18.10872,150,8007.435256
18.315719,150,8008.141681
31.260209,150,8008.846242
24.020586,150,8009.504801
31.145303,150,8010.221372
29.28801,150,8010.86829
26.60638,150,8011.45786
29.766752,150,8012.054411
3.509565,150,8012.723754
7.745212,150,8014.912897
18.782909,150,8015.599503
26.885593,150,8016.298076
38.422788,150,8016.964289
21.521758,150,8017.692227
0.45669,150,8018.396138
15.783904,150,8019.110181
33.799442,150,8019.826575
7.276859,150,8020.509774
12.759183,150,8021.164515
1.45242,150,8021.843722
21.218347,150,8022.438655
3.888415,150,8023.072108
12.786167,150,8023.72463
22.276861,150,8025.929911
27.915686,150,8026.538111
13.202112,150,8027.217121
15.136255,150,8027.976997
32.012412,150,8028.652093
24.177215,150,8029.365375
19.524642,150,8030.10561
21.005765,150,8030.781519
11.422012,150,8031.489545
36.495326,150,8032.181899
37.796631,150,8032.87613
15.778381,150,8033.470404
18.015866,150,8034.068449
31.444986,150,8036.319956
12.643383,150,8037.006202
29.692838,150,8037.582384
0.872826,150,8038.178205
14.643714,150,8038.856283
16.56751,150,8039.574912
13.717289,150,8040.274729
0.719048,150,8040.991515
34.826178,150,8041.639338
13.566057,150,8042.344553
24.345391,150,8043.075388
30.001754,150,8043.817269
24.706446,150,8044.516906
2.631321,150,8045.112803
23.912456,150,8047.29907
14.212853,150,8047.997129
18.591828,150,8048.692338
21.338457,150,8049.330325
18.285972,150,8049.960362
5.088458,150,8050.675993
26.48789,150,8051.352868
23.535262,150,8052.063271
4.894488,150,8052.765659
17.104971,150,8053.472596
5.187554,150,8054.177177
10.419624,150,8054.859275
6.799647,150,8055.545404
18.482965,150,8056.17083
17.49638,150,8058.323462
20.506738,150,8059.016593
27.401866,150,8059.705686
3.459051,150,8060.332021
11.743887,150,8060.952877
13.695446,150,8061.569241
13.872947,150,8062.306648
23.61505,150,8063.020293
13.879309,150,8063.670495
37.49121,150,8064.337233
26.234261,150,8064.99785
17.420625,150,8065.695389
3.688998,150,8066.394994
24.465441,150,8068.542356
10.606954,150,8069.234691
11.77849,150,8069.966692
29.885973,150,8070.653584
16.808719,150,8071.349061
1.984528,150,8071.956788
16.397581,150,8072.533368
25.067859,150,8073.204497
29.13204,150,8073.893535
9.002739,150,8074.572527
28.022668,150,8075.28643
9.065137,150,8075.926274
9.676997,150,8076.650986
10.145297,150,8077.370869
28.285489,150,8079.484209
27.284127,150,8080.133803
21.589008,150,8080.834339
17.099093,150,8081.478615
20.364792,150,8082.188793
20.961215,150,8082.794146
7.491739,150,8083.353858
21.884695,150,8083.981617
25.883421,150,8084.729077
10.152446,150,8085.438844
15.299452,150,8086.170743
12.89784,150,8086.90618
16.61877,150,8087.622608
4.587566,150,8088.343682
15.607213,150,8090.549872
21.180344,150,8091.158711
22.995059,150,8091.900938
28.94361,150,8092.630967
9.358967,150,8093.352576
19.39592,150,8094.035486
19.703565,150,8094.620778
25.196675,150,8095.253534
39.470126,150,8095.90564
20.951409,150,8096.598446
6.039254,150,8097.342358
10.070766,150,8098.051946
29.924741,150,8098.743157
13.128551,150,8101.073381
8.871126,150,8101.655499
26.370808,150,8102.276392
25.707618,150,8102.996879
16.500192,150,8103.714639
20.111296,150,8104.41651
27.991963,150,8105.126122
13.055824,150,8105.769752
4.352867,150,8106.337831
21.845435,150,8106.923459
22.518625,150,8107.590296
9.562167,150,8108.336828
15.297063,150,8108.999382
33.483654,150,8109.684465
22.887772,150,8111.950166
39.015098,150,8112.507301
20.424083,150,8113.080869
24.95906,150,8113.732479
11.499014,150,8114.428834
11.128383,150,8115.14281
31.058861,150,8115.828481
2.412672,150,8116.518712
18.663199,150,8117.203648
19.077486,150,8117.808928
31.651232,150,8118.408015
25.196939,150,8119.078105
22.014685,150,8119.759453
30.785231,150,8120.512046
18.350912,150,8122.774619
36.990801,150,8123.428209
10.919271,150,8124.054421
3.02699,150,8124.630864
21.944172,150,8125.309996
37.34511,150,8126.00929
31.958933,150,8126.690679
18.847345,150,8127.359348
25.533456,150,8128.081941
22.686905,150,8128.761687
26.691056,150,8129.356264
18.894756,150,8129.949177
19.921371,150,8130.656675
20.701781,150,8132.968193
35.971215,150,8133.637364
10.095146,150,8134.389524
27.303418,150,8135.086174
33.446327,150,8135.742595
11.681284,150,8136.48078
36.689512,150,8137.261755
14.384846,150,8138.055613
7.006154,150,8138.810188
17.556801,150,8139.60305
13.887062,150,8140.392916
10.858229,150,8141.024482
3.655497,150,8141.616368
20.161287,150,8142.234967
8.843955,150,8144.476043
30.068847,150,8145.161991
27.84921,150,8145.849658
32.310034,150,8146.479239
12.750715,150,8147.098937
7.273738,150,8147.737278
16.98839,150,8148.454864
15.291289,150,8149.140091
21.746806,150,8149.851198
10.358448,150,8150.532625
9.275792,150,8151.23613
8.883984,150,8151.936395
36.029276,150,8152.522593
9.066017,150,8153.113824
0.869277,150,8155.348958
13.49201,150,8156.07618
16.786722,150,8156.8206
17.175241,150,8157.502532
28.788161,150,8158.122275
18.311154,150,8158.71239
24.833538,150,8159.400389
16.710668,150,8160.120099
21.527446,150,8160.856231
28.367841,150,8161.554636
21.684935,150,8162.286738
6.578247,150,8163.035196
18.243795,150,8163.68536
38.398407,150,8165.829068
0.678231,150,8166.490523
18.736391,150,8167.193066
9.59528,150,8167.845274
37.194294,150,8168.505104
16.534562,150,8169.124172
22.90096,150,8169.728629
25.604616,150,8170.401342
27.870546,150,8171.095746
16.922601,150,8171.821707
25.820576,150,8172.507683
6.450677,150,8173.189157
28.31271,150,8173.88545
12.378959,150,8174.564154
22.055516,150,8176.643944
17.35936,150,8177.370378
17.359139,150,8178.096012
12.592497,150,8178.797267
10.917572,150,8179.441975
37.966191,150,8180.046234
12.146133,150,8180.61502
9.742019,150,8181.218768
29.703593,150,8181.903121
13.681006,150,8182.621603
28.490303,150,8183.326234
13.866365,150,8184.032212
7.052778,150,8184.717313
13.454069,150,8185.405142
35.586359,150,8187.513425
21.35532,150,8188.108975
17.655004,150,8188.803103
28.037628,150,8189.487419
27.925475,150,8190.21833
5.813516,150,8190.816923
4.773648,150,8191.435069
20.996249,150,8192.070345
8.471132,150,8192.81313
21.937076,150,8193.502837
33.970094,150,8194.208149
25.721557,150,8194.875691
21.455552,150,8195.610458
18.052404,150,8197.806176
8.312252,150,8198.353106
18.184785,150,8198.930847
32.904927,150,8199.501538
16.706553,150,8200.240796
4.744866,150,8200.915568
9.481439,150,8201.557494
24.2657,150,8202.168579
37.758856,150,8202.7252
14.209517,150,8203.392199
17.036302,150,8204.064027
13.016101,150,8204.760216
11.949421,150,8205.440145
6.837784,150,8206.132033
16.565894,150,8208.42207
7.823503,150,8209.11504
22.2956,150,8209.687005
23.422679,150,8210.262525
23.194253,150,8210.839338
20.959643,150,8211.544943
14.804894,150,8212.222915
22.439469,150,8212.922414
20.660725,150,8213.502963
16.110744,150,8214.101451
15.102034,150,8214.812088
6.436327,150,8215.51509
18.010994,150,8216.230349
18.794658,150,8216.962684
14.80872,150,8219.231729
18.743597,150,8219.929073
10.240916,150,8220.644805
14.22217,150,8221.253482
22.430878,150,8221.835529
15.169841,150,8222.491268
21.58327,150,8223.212276
25.798338,150,8223.939307
22.235861,150,8224.534549
29.099195,150,8225.168212
8.798946,150,8225.795043
22.077099,150,8226.541757
17.397163,150,8227.255167
11.435685,150,8229.587988
21.443344,150,8230.2677
22.117894,150,8231.000626
3.220857,150,8231.685115
25.806041,150,8232.385073
15.486363,150,8233.00222
10.415619,150,8233.573123
20.991381,150,8234.180978
3.248713,150,8234.909898
27.773479,150,8235.541553
14.392925,150,8236.140748
24.918038,150,8236.726614
7.942911,150,8237.379178
25.595945,150,8238.084841
30.232437,150,8240.36759
19.159519,150,8241.099801
20.133155,150,8241.826045
23.906273,150,8242.489714
21.087104,150,8243.223917
20.34519,150,8243.941586
20.155238,150,8244.550281
13.639209,150,8245.17899
7.957914,150,8245.856217
8.924178,150,8246.609042
14.286474,150,8247.237452
25.076431,150,8247.885588
13.053711,150,8248.536745
9.837823,150,8249.214938
27.804608,150,8251.556569
18.513685,150,8252.253181
14.275476,150,8252.962948
31.730743,150,8253.657
15.717206,150,8254.33614
1.679911,150,8255.05188
17.107413,150,8255.744371
10.470954,150,8256.362667
16.19394,150,8256.925913
17.203837,150,8257.551924
28.171666,150,8258.270335
21.323628,150,8258.840926
19.399814,150,8259.440709
18.123183,150,8261.828274
9.655189,150,8262.597303
12.799282,150,8263.388346
15.058831,150,8264.247266
12.845869,150,8265.065891
4.311719,150,8265.876304
8.4171,150,8266.686348
19.297826,150,8267.517908
21.036134,150,8268.301755
19.416094,150,8269.036517
29.559009,150,8269.710631
20.813364,150,8270.477933
5.801201,150,8271.236253
31.476761,150,8271.875773
25.323982,150,8274.179497
13.644953,150,8274.89237
27.042662,150,8275.608114
32.825262,150,8276.310413
17.317736,150,8277.028244
31.479859,150,8277.755611
0.773085,150,8278.485741
21.613816,150,8279.210664
19.44591,150,8279.93201
6.89839,150,8280.618391
31.056752,150,8281.230712
31.546488,150,8281.839007
20.707755,150,8282.559068
14.612511,150,8284.779552
39.628249,150,8285.464574
18.748523,150,8286.188446
20.736168,150,8286.943882
14.594843,150,8287.715786
33.450446,150,8288.475606
33.975558,150,8289.22085
22.484888,150,8289.955185
3.485714,150,8290.626678
34.85023,150,8291.301399
14.079992,150,8291.956591
12.230666,150,8292.560058
18.671817,150,8293.154102
4.802061,150,8293.8135
17.38074,150,8295.928575
29.571636,150,8296.62539
14.997389,150,8297.350282
29.981223,150,8298.036489
33.832169,150,8298.709286
11.729502,150,8299.431745
20.121447,150,8300.152354
17.54358,150,8300.828374
15.556093,150,8301.551044
38.58799,150,8302.267297
9.881307,150,8302.986007
36.724802,150,8303.622173
30.683312,150,8304.241251
30.428857,150,8304.834395
24.016797,150,8307.01075
34.100159,150,8307.594652
5.337567,150,8308.354399
32.951993,150,8309.108788
12.528731,150,8309.82303
19.206934,150,8310.540834
23.868068,150,8311.272756
10.446536,150,8311.939164
10.151871,150,8312.619582
32.039411,150,8313.306492
18.624702,150,8314.021791
23.662963,150,8314.707357
37.070255,150,8315.39105
19.749942,150,8317.595397
21.580188,150,8318.238408
2.424641,150,8318.876993
35.932949,150,8319.63054
4.384421,150,8320.378731
19.020466,150,8321.136673
34.017922,150,8321.868462
5.60547,150,8322.615927
13.732531,150,8323.334287
17.455553,150,8324.02529
21.329441,150,8324.728591
19.432942,150,8325.454938
18.390998,150,8326.185394
22.988966,150,8326.934719
20.865555,150,8329.038688
15.988478,150,8329.62292
14.859124,150,8330.28558
38.149876,150,8331.019859
13.886444,150,8331.696091
15.613373,150,8332.385197
27.296134,150,8333.172172
18.654679,150,8333.858186
20.397242,150,8334.580327
37.355856,150,8335.292357
20.50183,150,8336.002603
11.386412,150,8336.699804
4.636125,150,8337.39589
12.571284,150,8338.089279
16.237684,150,8340.093719
30.530234,150,8340.699069
23.655673,150,8341.33781
16.603181,150,8342.032114
11.191709,150,8342.723591
16.460382,150,8343.413191
25.049693,150,8344.078267
12.235053,150,8344.796076
18.694615,150,8345.50975
32.507091,150,8346.231855
30.236324,150,8346.922062
8.394152,150,8347.622776
11.052874,150,8348.340507
18.53567,150,8350.616449
26.194959,150,8351.134651
26.429746,150,8351.576924
4.844214,150,8352.182369
7.387463,150,8352.848864
34.358088,150,8353.576066
11.088034,150,8354.282288
13.021274,150,8355.030051
18.005155,150,8355.768738
10.859728,150,8356.525018
36.582044,150,8357.248961
19.356299,150,8357.975096
11.5227,150,8358.681955
5.093741,150,8359.41926
15.34298,150,8361.672763
16.315698,150,8362.288449
24.158435,150,8362.773654
27.746067,150,8363.228803
24.201554,150,8363.811294
29.385294,150,8364.48914
36.710959,150,8365.197441
8.231496,150,8365.98435
9.629695,150,8366.695525
20.593972,150,8367.419528
32.438692,150,8368.100649
29.820253,150,8368.811135
14.796352,150,8369.519453
27.990746,150,8370.214195
7.799598,150,8372.488573
27.450821,150,8373.178126
34.950232,150,8373.831107
6.787648,150,8374.309003
2.446368,150,8374.784118
16.596394,150,8375.365896
31.232207,150,8376.096794
18.231865,150,8376.822144
22.593764,150,8377.533946
8.162715,150,8378.207079
16.612626,150,8378.947069
13.065514,150,8379.685313
5.112416,150,8380.432692
39.320398,150,8382.808586
14.001212,150,8383.463165
21.293408,150,8384.162926
34.745379,150,8384.911975
5.375998,150,8385.59708
32.695128,150,8386.102301
7.058236,150,8386.550378
12.689336,150,8387.002724
14.264147,150,8387.619574
26.235194,150,8388.326942
4.646572,150,8389.006561
9.977656,150,8389.792392
9.994096,150,8390.512557
15.492771,150,8391.220437
8.081707,150,8393.562076
15.420213,150,8394.289875
36.982137,150,8395.031541
12.649158,150,8395.717024
21.852876,150,8396.445209
20.404821,150,8397.119926
22.996078,150,8397.71766
32.918715,150,8398.202919
24.363265,150,8398.667413
5.911907,150,8399.344873
17.315401,150,8400.124848
27.053152,150,8400.858746
24.043885,150,8401.656204
12.871369,150,8402.373173
22.78377,150,8404.723967
16.374152,150,8405.449528
36.770468,150,8406.187695
22.45372,150,8406.925538
14.429021,150,8407.640374
14.422065,150,8408.315179
1.432474,150,8409.003917
4.193054,150,8409.569404
15.846069,150,8410.02548
24.796907,150,8410.453079
22.783388,150,8410.914972
27.996826,150,8411.60322
24.445068,150,8412.259241
14.924858,150,8414.506495
13.333138,150,8415.210448
5.923128,150,8415.940383
34.254768,150,8416.651498
29.227246,150,8417.377748
12.930634,150,8418.074131
18.679145,150,8418.782237
32.165988,150,8419.472126
26.829891,150,8420.222708
14.315422,150,8420.976776
38.184063,150,8421.434133
8.202122,150,8421.892881
12.510389,150,8422.326302
4.211631,150,8422.862899
5.188268,150,8425.123942
2.169209,150,8425.847715
23.267581,150,8426.519184
35.564177,150,8427.238492
17.70256,150,8427.963149
12.054141,150,8428.691366
7.400676,150,8429.409913
29.334043,150,8430.122601
10.898193,150,8430.803466
9.509304,150,8431.557819
21.695975,150,8432.311128
11.657288,150,8432.894764
15.601036,150,8433.327211
24.725998,150,8433.758754
3.299065,150,8435.9127
5.064074,150,8436.602343
18.191978,150,8437.333086
28.636188,150,8438.037077
9.104058,150,8438.763936
1.358891,150,8439.438008
19.910026,150,8440.120011
12.146102,150,8440.830034
22.341158,150,8441.533852
5.552324,150,8442.238653
36.588307,150,8443.030689
8.705458,150,8443.844956
17.116468,150,8444.598559
14.026952,150,8446.71386
18.561684,150,8447.500346
29.027981,150,8448.293351
10.899796,150,8448.984628
10.124487,150,8449.718435
19.094318,150,8450.452287
26.344469,150,8451.172015
27.443988,150,8451.854177
35.490197,150,8452.592079
25.170957,150,8453.304572
12.690648,150,8454.01105
16.077988,150,8454.735412
11.96297,150,8455.456476
4.242317,150,8456.181549
24.245237,150,8458.135445
19.39984,150,8458.826646
28.895803,150,8459.560039
33.178712,150,8460.269449
24.867877,150,8460.998219
8.284002,150,8461.708911
18.476229,150,8462.417792
3.970079,150,8463.119982
26.107127,150,8463.815895
29.044314,150,8464.549952
22.418743,150,8465.317483
13.173702,150,8466.102246
6.538273,150,8466.811513
29.684413,150,8467.523735
27.903009,150,8469.35287
20.185755,150,8469.983364
33.060802,150,8470.688914
27.088923,150,8471.398149
17.612778,150,8472.128972
38.474279,150,8472.806319
27.179802,150,8473.536435
8.076211,150,8474.241686
33.276796,150,8474.951776
4.2737,150,8475.642471
14.410861,150,8476.342463
30.474219,150,8477.034155
11.697782,150,8477.709085
20.603096,150,8479.856775
13.033851,150,8480.279401
24.990225,150,8480.698383
4.257118,150,8481.280705
1.752281,150,8481.998803
26.052135,150,8482.709096
9.353978,150,8483.423174
6.99652,150,8484.114737
24.049723,150,8484.843342
27.603426,150,8485.540995
11.074998,150,8486.225005
17.979961,150,8486.922355
34.56961,150,8487.624951
16.358136,150,8488.336795
21.175384,150,8490.588619
21.151587,150,8491.167494
17.693521,150,8491.63436
18.586477,150,8492.160234
19.772217,150,8492.787323
29.811619,150,8493.463954
33.345078,150,8494.147478
5.856162,150,8494.869591
19.179826,150,8495.596489
20.358692,150,8496.321627
-5.695598,150,8497.029723
30.036344,150,8497.714862
33.999984,150,8498.433475
23.129595,150,8499.157469
19.450736,150,8501.438737
22.574953,150,8502.097992
16.332282,150,8502.683202
1.078581,150,8503.176741
17.169844,150,8503.591155
13.916112,150,8504.196456
24.14966,150,8504.872089
11.276307,150,8505.574454
8.844929,150,8506.288922
19.236733,150,8507.03975
19.742855,150,8507.7061
5.131205,150,8508.382437
30.63523,150,8509.080648
14.39163,150,8511.286558
12.539811,150,8511.967238
19.00996,150,8512.657815
20.722987,150,8513.333593
2.106168,150,8513.896312
36.621652,150,8514.422967
8.443821,150,8514.891885
6.399082,150,8515.505061
25.024004,150,8516.135774
37.673636,150,8516.867862
17.07765,150,8517.588837
7.90129,150,8518.311979
12.415518,150,8519.001271
5.56401,150,8519.691738
9.561186,150,8521.935924
25.615095,150,8522.619009
9.757199,150,8523.303734
33.400436,150,8524.015437
28.797233,150,8524.675897
28.605641,150,8525.282293
25.72855,150,8525.863259
29.321185,150,8526.382319
20.4775,150,8526.980529
27.839194,150,8527.572803
23.036599,150,8528.258499
9.582139,150,8528.953655
27.143334,150,8529.634776
32.08275,150,8531.91455
13.490657,150,8532.567095
7.487193,150,8533.262905
21.806692,150,8533.958114
23.221813,150,8534.660329
17.012345,150,8535.391691
13.931587,150,8536.088835
34.91687,150,8536.661432
31.859927,150,8537.254463
20.213817,150,8537.786125
19.652383,150,8538.333665
0.885847,150,8538.944271
19.263636,150,8539.604069
36.108587,150,8540.29808
11.899252,150,8542.534476
19.380963,150,8543.276376
5.210074,150,8543.964486
11.215914,150,8544.626795
-0.988422,150,8545.319772
16.060687,150,8546.006011
13.778133,150,8546.704074
16.576807,150,8547.295264
28.49222,150,8547.841523
21.743027,150,8548.454609
23.170442,150,8549.090232
31.729043,150,8549.727261
14.83089,150,8550.390733
37.35052,150,8551.111667
14.15982,150,8553.370196
21.176394,150,8554.08713
21.273311,150,8554.79722
18.906088,150,8555.505978
18.34813,150,8556.18859
7.276693,150,8556.901345
7.209799,150,8557.580013
36.410846,150,8558.190932
29.145746,150,8558.775396
4.112035,150,8559.351644
2.849106,150,8559.999503
14.843058,150,8560.598688
3.365924,150,8561.220141
36.557141,150,8563.414047
15.283398,150,8564.08935
34.539777,150,8564.781476
25.130206,150,8565.492229
24.890833,150,8566.170628
24.466417,150,8566.878276
24.43957,150,8567.548089
14.169823,150,8568.265147
19.579757,150,8568.997441
13.597315,150,8569.572672
15.442131,150,8570.180133
9.050631,150,8570.762668
6.91021,150,8571.431385
29.559062,150,8572.016688
18.38066,150,8574.354531
18.496248,150,8575.125319
27.760348,150,8575.882069
13.479514,150,8576.683192
24.203306,150,8577.441339
21.77407,150,8578.216836
11.99983,150,8578.981606
14.837945,150,8579.752556
10.906537,150,8580.500271
20.862621,150,8581.266636
20.875191,150,8581.928156
9.233204,150,8582.626371
19.323536,150,8583.395537
38.300718,150,8584.135978
21.432316,150,8586.27672
-2.817864,150,8586.973579
11.239925,150,8587.676373
33.670422,150,8588.364601
13.497984,150,8589.064009
11.805089,150,8589.736084
22.598966,150,8590.420186
16.838923,150,8591.147703
29.465914,150,8591.842983
19.841662,150,8592.46396
28.420886,150,8593.033923
10.637891,150,8593.606338
25.344412,150,8594.268702
9.557563,150,8596.426565
19.69005,150,8597.040661
10.785367,150,8597.785097
9.888935,150,8598.44902
3.213902,150,8599.126504
6.477173,150,8599.851811
9.215407,150,8600.535828
15.180635,150,8601.199129
30.037957,150,8601.892632
31.857578,150,8602.594136
29.92879,150,8603.280215
27.07239,150,8603.848125
21.000895,150,8604.442591
23.049829,150,8605.110185
23.621472,150,8607.260291
29.496973,150,8607.854104
9.62028,150,8608.45623
8.330644,150,8609.094373
10.414537,150,8609.796673
5.478282,150,8610.447478
26.335204,150,8611.14016
0.56188,150,8611.82171
38.81475,150,8612.53706
14.363718,150,8613.223586
27.423807,150,8613.93294
31.375491,150,8614.558439
0.815753,150,8615.156025
24.958296,150,8615.761323
23.700943,150,8617.963216
22.453182,150,8618.517741
26.2232,150,8619.104473
26.243075,150,8619.706239
3.652629,150,8620.396135
8.175461,150,8621.083095
14.714768,150,8621.77912
5.823943,150,8622.478858
22.464823,150,8623.155304
7.203058,150,8623.868683
10.577435,150,8624.562413
18.901688,150,8625.255065
13.570563,150,8625.825756
1.168331,150,8627.935327
13.257783,150,8628.592983
32.148315,150,8629.221327
19.577549,150,8629.788131
27.165824,150,8630.386323
1.521717,150,8631.079527
31.820613,150,8631.789304
22.764565,150,8632.513305
37.777773,150,8633.198749
27.034693,150,8633.884113
17.813798,150,8634.57639
26.286828,150,8635.259835
28.355061,150,8635.921273
16.83657,150,8636.54435
37.72763,150,8638.669559
16.541405,150,8639.355834
20.253699,150,8640.027316
27.95925,150,8640.669748
22.827077,150,8641.255514
17.263824,150,8641.916915
21.382908,150,8642.641924
17.695046,150,8643.328565
5.711688,150,8644.029865
36.102465,150,8644.718105
25.714125,150,8645.415864
13.006797,150,8646.101525
21.071706,150,8646.80472
23.410177,150,8647.504774
10.146739,150,8649.69695
19.551619,150,8650.425222
9.189994,150,8651.087938
30.206618,150,8651.696792
4.533746,150,8652.298394
9.046929,150,8652.924055
32.312307,150,8653.633443
19.726848,150,8654.348174
17.886893,150,8655.043259
0.784047,150,8655.726366
15.992697,150,8656.446537
15.175039,150,8657.147185
6.458566,150,8657.881961
27.101991,150,8659.982343
2.66764,150,8660.571455
7.959892,150,8661.281267
2.431016,150,8661.951993
24.73471,150,8662.592769
25.005395,150,8663.197055
2.827217,150,8663.756238
31.061507,150,8664.460565
39.725136,150,8665.168196
26.250963,150,8665.862185
9.380211,150,8666.532066
15.025882,150,8667.239018
34.142205,150,8667.91523
18.237574,150,8668.615271
8.52903,150,8670.800463
31.611445,150,8671.376441
8.262731,150,8672.08524
18.500167,150,8672.841722
23.276838,150,8673.522475
1.413065,150,8674.1309
7.469114,150,8674.706046
27.106856,150,8675.282407
15.845713,150,8676.024683
16.915101,150,8676.69522
20.176445,150,8677.396288
4.616856,150,8678.093529
20.518297,150,8678.794711
27.257915,150,8679.486568
18.847444,150,8681.62378
23.982738,150,8682.224401
30.389299,150,8682.921764
3.024614,150,8683.622029
7.060125,150,8684.317271
25.680833,150,8685.038708
7.843219,150,8685.65667
14.367233,150,8686.257489
5.618152,150,8686.871364
28.341596,150,8687.595716
6.125432,150,8688.311295
26.910303,150,8689.009925
17.013433,150,8689.70249
26.609931,150,8691.984576
23.015798,150,8692.593224
7.834892,150,8693.19374
36.539811,150,8693.82765
15.340369,150,8694.548713
3.71568,150,8695.23333
19.673361,150,8695.932637
17.728291,150,8696.614962
29.827791,150,8697.220373
24.810888,150,8697.834221
16.739493,150,8698.421247
13.59651,150,8699.171908
24.535486,150,8699.9165
15.247759,150,8700.64313
21.74722,150,8702.895475
7.727074,150,8703.521278
22.728755,150,8704.149757
26.645817,150,8704.709895
30.518754,150,8705.363239
39.6499,150,8706.083145
16.127108,150,8706.793385
2.290093,150,8707.469202
18.325932,150,8708.153598
17.91993,150,8708.754165
10.849861,150,8709.388913
24.414642,150,8710.020156
14.034336,150,8710.760534
20.019058,150,8711.507993
26.186831,150,8713.791316
24.684985,150,8714.47671
27.661075,150,8715.052355
22.347723,150,8715.629508
31.574089,150,8716.282475
22.577289,150,8716.976409
20.859159,150,8717.656517
20.892882,150,8718.332286
10.993599,150,8718.997517
6.279744,150,8719.652323
29.7712,150,8720.261292
34.38355,150,8720.841592
5.501844,150,8721.520935
33.819611,150,8723.759199
10.024123,150,8724.445971
21.498344,150,8725.1415
19.032359,150,8725.716092
23.356008,150,8726.310636
15.432338,150,8726.907765
18.563904,150,8727.61423
37.547731,150,8728.303546
31.663872,150,8728.954038
34.967794,150,8729.64499
24.780327,150,8730.318725
10.650111,150,8730.998318
15.041898,150,8731.528704
27.554896,150,8732.103334
13.950638,150,8734.324022
28.709663,150,8735.030831
15.466743,150,8735.752557
20.962491,150,8736.409464
34.109942,150,8737.017523
26.861388,150,8737.595515
13.052322,150,8738.241511
39.989831,150,8738.934085
30.322612,150,8739.597559
27.336949,150,8740.339656
18.246988,150,8741.057785
17.559896,150,8741.742854
12.687877,150,8742.391356
24.419585,150,8742.961079
13.923087,150,8745.161244
11.92112,150,8745.831258
2.468061,150,8746.506496
17.52284,150,8747.195477
10.765593,150,8747.799489
30.412732,150,8748.399155
11.596008,150,8749.031762
9.140338,150,8749.68567
31.20254,150,8750.446597
12.283356,150,8751.165654
13.764123,150,8751.961267
30.430139,150,8752.763006
29.187272,150,8753.517946
10.862572,150,8755.898825
15.80818,150,8756.682812
33.72197,150,8757.394717
25.991898,150,8758.047831
4.196474,150,8758.727909
38.337629,150,8759.36041
21.913325,150,8759.960752
20.919478,150,8760.583446
30.129394,150,8761.320562
24.364596,150,8762.082537
27.182101,150,8762.79741
22.67074,150,8763.522866
4.119876,150,8764.212015
23.718081,150,8764.892874
22.198988,150,8766.973344
20.117996,150,8767.641062
36.920653,150,8768.334651
19.378431,150,8769.037288
3.312295,150,8769.722125
27.017432,150,8770.307403
6.921135,150,8770.900245
26.235682,150,8771.55993
6.599197,150,8772.247188
26.495331,150,8772.94834
-0.228324,150,8773.607251
3.651555,150,8774.322692
15.619907,150,8775.045301
26.320663,150,8775.749917
29.262051,150,8777.838706
28.122916,150,8778.390723
11.017262,150,8779.037449
30.219074,150,8779.750391
36.681504,150,8780.432287
8.995659,150,8781.028628
33.044843,150,8781.609888
10.17445,150,8782.221517
14.300147,150,8782.930716
16.029579,150,8783.585835
1.821514,150,8784.298274
16.129314,150,8784.995584
35.978639,150,8785.677461
16.990713,150,8787.925945
26.021116,150,8788.558045
0.858888,150,8789.146947
37.794318,150,8789.727548
18.830485,150,8790.423321
31.861991,150,8791.071697
9.539509,150,8791.718298
8.802484,150,8792.344588
15.946939,150,8792.938927
37.565703,150,8793.618078
13.149057,150,8794.329838
21.671494,150,8795.032595
15.604186,150,8795.721652
33.469242,150,8796.441239
27.107259,150,8798.714826
35.732903,150,8799.431671
18.490807,150,8800.069337
15.061781,150,8800.65326
19.956525,150,8801.238343
31.913762,150,8801.941909
34.696032,150,8802.635935
10.839815,150,8803.225078
2.079202,150,8803.802576
31.936808,150,8804.386692
9.739327,150,8805.095973
13.615247,150,8805.815826
29.888421,150,8806.494796
16.193596,150,8808.789092
18.519955,150,8809.449027
39.446443,150,8810.157283
20.264413,150,8810.852663
31.876421,150,8811.468212
5.896492,150,8812.044804
20.70348,150,8812.621148
19.095379,150,8813.346731
16.696688,150,8814.024982
4.091747,150,8814.621721
27.843529,150,8815.213171
20.161971,150,8815.888243
6.048238,150,8816.585616
7.888462,150,8817.281394
26.4384,150,8819.47695
20.370163,150,8820.15925
6.094138,150,8820.856882
21.678037,150,8821.514336
17.036574,150,8822.169661
34.311335,150,8822.707385
33.010944,150,8823.292184
14.408999,150,8823.865104
38.502198,150,8824.538766
22.299095,150,8825.198541
21.20573,150,8825.797839
19.716499,150,8826.419443
21.660787,150,8827.126256
13.7011,150,8827.798535
23.324312,150,8830.030607
17.723237,150,8830.728383
16.506805,150,8831.4159
5.641741,150,8832.160648
10.269688,150,8832.830997
12.600227,150,8833.460141
33.355532,150,8834.036481
10.827465,150,8834.586498
26.690678,150,8835.174385
20.310702,150,8835.808121
23.727458,150,8836.371775
15.286471,150,8836.911691
6.159797,150,8837.534252
20.175303,150,8839.798553
5.685586,150,8840.455759
2.676795,150,8841.144373
21.726403,150,8841.830668
18.452634,150,8842.504794
12.034542,150,8843.206817
20.190821,150,8843.864896
19.797607,150,8844.513967
19.206949,150,8845.137271
-0.344463,150,8845.770774
33.226136,150,8846.410712
21.940795,150,8847.014167
16.633666,150,8847.61674
24.305374,150,8848.252991
15.707586,150,8850.551743
8.146162,150,8851.255146
17.580849,150,8851.938875
11.279219,150,8852.6278
26.680464,150,8853.264233
21.727168,150,8853.999273
15.197035,150,8854.72028
17.614859,150,8855.428389
28.680266,150,8856.101758
7.876399,150,8856.664933
29.404002,150,8857.235246
19.305401,150,8857.870075
2.077683,150,8858.45707
28.069399,150,8859.028042
28.885112,150,8861.278399
0.253846,150,8861.993981
10.753796,150,8862.699525
7.301534,150,8863.411817
29.093855,150,8864.102728
16.350638,150,8864.76575
39.242397,150,8865.533826
23.146008,150,8866.260753
11.484858,150,8866.945657
12.427809,150,8867.602628
22.202532,150,8868.176056
8.292151,150,8868.79519
10.243952,150,8869.311519
34.664534,150,8871.459087
19.804361,150,8872.152287
2.779905,150,8872.867932
11.220703,150,8873.547602
37.946542,150,8874.293662
21.537475,150,8875.012396
19.364961,150,8875.725956
21.21753,150,8876.404278
4.044428,150,8877.100903
35.82688,150,8877.812074
19.72202,150,8878.48853
28.169903,150,8879.139611
17.251714,150,8879.758097
14.315233,150,8880.389294
8.240261,150,8882.411864
20.004694,150,8883.122818
28.478751,150,8883.817311
11.444274,150,8884.500914
2.657,150,8885.210926
20.699433,150,8886.001485
12.780662,150,8886.744378
16.477471,150,8887.504104
19.304594,150,8888.297236
24.902547,150,8889.106993
21.330445,150,8889.900043
13.813906,150,8890.679971
10.528757,150,8891.393831
25.237212,150,8892.070683
9.783891,150,8894.413582
8.028699,150,8895.186847
22.780579,150,8895.951438
25.067881,150,8896.656508
10.565695,150,8897.39158
36.863381,150,8898.07759
20.359446,150,8898.784173
24.095273,150,8899.468984
7.09889,150,8900.170273
20.552689,150,8900.846687
27.312671,150,8901.551831
14.661639,150,8902.252379
17.998382,150,8902.842578
20.251245,150,8904.842104
30.293697,150,8905.429899
19.300467,150,8906.123238
3.12792,150,8906.787159
26.70193,150,8907.478988
34.886751,150,8908.171935
22.003525,150,8908.876933
6.505274,150,8909.514816
15.937217,150,8910.180398
18.949385,150,8910.85176
19.635578,150,8911.532427
23.936358,150,8912.200631
18.073777,150,8912.875586
11.313,150,8913.520616
30.962829,150,8915.552892
8.427127,150,8916.158048
5.50561,150,8916.844793
13.503212,150,8917.524088
29.065785,150,8918.265168
22.278911,150,8918.950166
10.683697,150,8919.645385
1.988237,150,8920.398736
6.928551,150,8921.131799
27.918523,150,8921.816857
30.741337,150,8922.512648
18.713534,150,8923.18341
24.689064,150,8923.872812
11.446916,150,8924.538791
